MutationType	SBS1	SBS2	SBS4	SBS5	SBS12	SBS13	SBS18	SBS22a	SBS22b	SBS40a	SBS40b	SBS40c
A[C>A]A	0.00088616	0.00000058	0.04219650	0.01199760	0.00452059	0.00181992	0.05153386	0.00604617	0.00608654	0.03639531	0.01400712	0.00375776
A[C>A]C	0.00228041	0.00014800	0.03329724	0.00943811	0.00113015	0.00072097	0.01581039	0.00009450	0.00380251	0.01677249	0.00471980	0.00628320
A[C>A]G	0.00017703	0.00005230	0.01559870	0.00184963	0.00054007	0.00026399	0.00243160	0.00079036	0.00098002	0.00374797	0.00113966	0.00201912
A[C>A]T	0.00128023	0.00009780	0.02949755	0.00660868	0.00122016	0.00034798	0.02141407	0.00172962	0.00356601	0.01543480	0.00495296	0.00817578
A[C>G]A	0.00186033	0.00000000	0.00688943	0.01009798	0.00122016	0.00386983	0.00173114	0.00166999	0.00417934	0.00821343	0.00745316	0.00889338
A[C>G]C	0.00122022	0.00013300	0.00283976	0.00569886	0.00064208	0.00095096	0.00259170	0.00019320	0.00271222	0.00562037	0.01021370	0.00432211
A[C>G]G	0.00011502	0.00001520	0.00127989	0.00171966	0.00007510	0.00026399	0.00192126	0.00023866	0.00084928	0.00149700	0.00163539	0.00304800
A[C>G]T	0.00114020	0.00009120	0.00354970	0.01009798	0.00144019	0.00399982	0.00408268	0.00006230	0.00380676	0.00835959	0.02169260	0.00719501
A[C>T]A	0.02500444	0.00006110	0.00869928	0.03259348	0.00551072	0.00717968	0.00920605	0.00177059	0.00409159	0.02863814	0.01676928	0.02481898
A[C>T]C	0.00632112	0.00138004	0.00417965	0.01789642	0.00212028	0.00000000	0.00465306	0.00021797	0.00275744	0.02051178	0.00661436	0.02070161
A[C>T]G	0.36506483	0.00003270	0.00078294	0.00617876	0.00011802	0.00030299	0.01220802	0.00140509	0.00319008	0.01316533	0.00625962	0.00773536
A[C>T]T	0.00958170	0.00186005	0.00424965	0.02199560	0.00238031	0.00031799	0.00797524	0.00061945	0.00302154	0.02250981	0.01324003	0.02319078
A[T>A]A	0.00080014	0.00009590	0.00941922	0.00737852	0.00517068	0.00000000	0.00249164	0.06370109	0.08325602	0.01000778	0.00876269	0.00946423
A[T>A]C	0.00223040	0.00087803	0.00352971	0.00692861	0.00271035	0.00006520	0.00087858	0.00704076	0.00751707	0.00550174	0.00667289	0.00499139
A[T>A]G	0.00114020	0.00002550	0.01239897	0.00911818	0.00312041	0.00058997	0.00260171	0.06043024	0.03356604	0.00932410	0.00831851	0.00910534
A[T>A]T	0.00018303	0.00000000	0.00420965	0.00619876	0.00282037	0.00060597	0.00784515	0.00250440	0.01930465	0.01118279	0.01180211	0.02388237
A[T>C]A	0.00109019	0.00006170	0.00794934	0.04619076	0.07360965	0.00190992	0.00202133	0.02492218	0.05839760	0.01689045	0.01726899	0.02505978
A[T>C]C	0.00304054	0.00002150	0.00071494	0.01339732	0.04030528	0.00014199	0.00209137	0.00090295	0.00133921	0.00312020	0.00467443	0.01110769
A[T>C]G	0.00010602	0.00001320	0.00499958	0.03819236	0.07050924	0.00042798	0.00208137	0.00772829	0.01262704	0.00814559	0.01403132	0.02949196
A[T>C]T	0.00574102	0.00015500	0.00155987	0.03829234	0.06380836	0.00095896	0.00424279	0.00075332	0.00591249	0.01846827	0.01922420	0.02254386
A[T>G]A	0.00017203	0.00023801	0.00104991	0.00385923	0.00201026	0.00006140	0.00072147	0.00232275	0.01084643	0.00539375	0.01197649	0.00446149
A[T>G]C	0.00020704	0.00007460	0.00015899	0.00259948	0.00066409	0.00000000	0.00085856	0.00005110	0.00103775	0.00465372	0.01510825	0.00305772
A[T>G]G	0.00026805	0.00000205	0.00141988	0.00793841	0.00080811	0.00008250	0.00199131	0.00294174	0.00386347	0.00525358	0.01332605	0.00709309
A[T>G]T	0.00011202	0.00000376	0.00021598	0.00482903	0.00128017	0.00031999	0.00184121	0.00004170	0.00331415	0.01159521	0.04060945	0.00920739
C[C>A]A	0.00031205	0.00020801	0.08069330	0.00742851	0.00542071	0.00139994	0.07404865	0.00182036	0.00601647	0.01375598	0.00857199	0.00848995
C[C>A]C	0.00179032	0.00009530	0.07969339	0.00613877	0.00428056	0.00096796	0.01961289	0.00437713	0.00500189	0.01084162	0.00578006	0.01169875
C[C>A]G	0.00009320	0.00000000	0.02449797	0.00345931	0.00117015	0.00000433	0.01200789	0.00013653	0.00104705	0.00161922	0.00095320	0.00314981
C[C>A]T	0.00000000	0.00042101	0.06899427	0.00648870	0.00110014	0.00000000	0.03632387	0.00010942	0.00451126	0.00671108	0.00985773	0.01773531
C[C>G]A	0.00002410	0.00000000	0.00782935	0.00695861	0.00134018	0.00560975	0.00061340	0.00104447	0.00338855	0.00402496	0.00701481	0.00712008
C[C>G]C	0.00007680	0.00035101	0.00686943	0.00906819	0.00089112	0.00064797	0.00226149	0.00077563	0.00276834	0.00436470	0.01208574	0.00831979
C[C>G]G	0.00035206	0.00004870	0.00339972	0.00248950	0.00017302	0.00048798	0.00358235	0.00023993	0.00056150	0.00092994	0.00106603	0.00265225
C[C>G]T	0.00000000	0.00006360	0.00681943	0.00952809	0.00156020	0.00639972	0.00379249	0.00031832	0.00315428	0.00636756	0.02186500	0.01046994
C[C>T]A	0.00200036	0.00432013	0.01269895	0.01939612	0.00659086	0.00001930	0.01170769	0.00120363	0.00397270	0.02480661	0.01226599	0.02221367
C[C>T]C	0.00027005	0.00017001	0.01149905	0.01899620	0.00025403	0.00134994	0.00676444	0.00315193	0.00429660	0.02916532	0.00988878	0.02404601
C[C>T]G	0.19603481	0.00277008	0.00330972	0.01749650	0.00004090	0.00198991	0.01681105	0.00042765	0.00177543	0.00654289	0.00290444	0.00805255
C[C>T]T	0.00019604	0.00145004	0.01599867	0.02309538	0.00338044	0.00144994	0.00665437	0.00159162	0.00439039	0.02889896	0.01048021	0.03551132
C[T>A]A	0.00004300	0.00024301	0.01439881	0.00353929	0.00054607	0.00020899	0.00054236	0.12800999	0.11299556	0.00245848	0.00335773	0.00520829
C[T>A]C	0.00039307	0.00024401	0.01219899	0.00518896	0.00560073	0.00034198	0.00306201	0.05527104	0.02099944	0.00663939	0.00869929	0.01381125
C[T>A]G	0.00032406	0.00014900	0.03249730	0.00500900	0.00141018	0.00022599	0.00321211	0.16801606	0.05775362	0.00573004	0.00516406	0.01196055
C[T>A]T	0.00026005	0.00000000	0.01179902	0.00429914	0.00150020	0.00052298	0.00226149	0.06069925	0.02713390	0.00949421	0.00942542	0.01275460
C[T>C]A	0.00000000	0.00030201	0.00517957	0.01329734	0.04540595	0.00004740	0.00038625	0.00674053	0.00893249	0.00610429	0.01336644	0.02571527
C[T>C]C	0.00250044	0.00002850	0.00235980	0.01039792	0.04970651	0.00012200	0.00246162	0.00134416	0.00127354	0.00492976	0.00558921	0.01605695
C[T>C]G	0.00036006	0.00000000	0.00549954	0.02079584	0.03740490	0.00000000	0.00162107	0.00203019	0.00297799	0.00514281	0.00821157	0.02688067
C[T>C]T	0.00004260	0.00018600	0.00255979	0.01489702	0.04590602	0.00011200	0.00256168	0.00053955	0.00241007	0.00677345	0.01114255	0.02439847
C[T>G]A	0.00003550	0.00015300	0.00086993	0.00258948	0.00089312	0.00004140	0.00011107	0.00491038	0.00710341	0.00152720	0.00451618	0.00306636
C[T>G]C	0.00021204	0.00015500	0.00044096	0.00460908	0.00114015	0.00000282	0.00199131	0.00088273	0.00228155	0.00264131	0.01044039	0.00378929
C[T>G]G	0.00012802	0.00012100	0.00378969	0.00612877	0.00059308	0.00000000	0.00293193	0.00803077	0.00631253	0.00214618	0.00724679	0.00565767
C[T>G]T	0.00017103	0.00020301	0.00119990	0.00729854	0.00034405	0.00005550	0.00414272	0.00119788	0.00265080	0.00430586	0.01848144	0.00948922
G[C>A]A	0.00158028	0.00008620	0.03159738	0.01019796	0.00198026	0.00094896	0.10907166	0.00223489	0.00273980	0.01014765	0.00371093	0.00385972
G[C>A]C	0.00033906	0.00000000	0.03479711	0.00764847	0.00041705	0.00045098	0.01731137	0.00170997	0.00244790	0.01099688	0.00410655	0.00613289
G[C>A]G	0.00058710	0.00001390	0.01529873	0.00233953	0.00044706	0.00016399	0.00756497	0.00052022	0.00052118	0.00353767	0.00078343	0.00126158
G[C>A]T	0.00000000	0.00005120	0.02119824	0.00681864	0.00002750	0.00006150	0.06234096	0.00054942	0.00215702	0.00633551	0.00525961	0.00694174
G[C>G]A	0.00000959	0.00006540	0.00528956	0.00467906	0.00056407	0.00149993	0.00063542	0.00140307	0.00185118	0.00266304	0.00229231	0.00440755
G[C>G]C	0.00016403	0.00026101	0.00574952	0.00507898	0.00028904	0.00047898	0.00134088	0.00091923	0.00228910	0.00308111	0.00363029	0.00649540
G[C>G]G	0.00016603	0.00000000	0.00329973	0.00150970	0.00009540	0.00024099	0.00063942	0.00021314	0.00043815	0.00064486	0.00082128	0.00166929
G[C>G]T	0.00000000	0.00013400	0.00303975	0.00671866	0.00050407	0.00269988	0.00123081	0.00045370	0.00163009	0.00312288	0.00697770	0.00527845
G[C>T]A	0.00444079	0.00000000	0.00408966	0.01939612	0.00448059	0.00717968	0.00968636	0.00238522	0.00274174	0.02980699	0.01033990	0.01531485
G[C>T]C	0.00009280	0.00000013	0.00445963	0.02159568	0.00182024	0.00092096	0.00817537	0.00184835	0.00193537	0.02536975	0.00615557	0.01860559
G[C>T]G	0.21803872	0.00000000	0.00048196	0.01229754	0.00007460	0.00017799	0.01480973	0.00000000	0.00277533	0.00927484	0.00197535	0.00562979
G[C>T]T	0.00003840	0.00005040	0.00380968	0.01859628	0.00267035	0.00126994	0.00669440	0.00175497	0.00369876	0.02317407	0.00798178	0.02260980
G[T>A]A	0.00008120	0.00000000	0.00921923	0.00366927	0.00082611	0.00000670	0.00160105	0.05339327	0.04046532	0.00313484	0.00520561	0.00381247
G[T>A]C	0.00012902	0.00013100	0.00359970	0.00290942	0.00181024	0.00012999	0.00195128	0.01016474	0.00494414	0.00371674	0.00484263	0.00365887
G[T>A]G	0.00024604	0.00006380	0.01309891	0.00410918	0.00251033	0.00004700	0.00183120	0.03767961	0.00415822	0.00451599	0.00628936	0.00562171
G[T>A]T	0.00025805	0.00006280	0.00551954	0.00321936	0.00091512	0.00035798	0.00346227	0.00945596	0.00464809	0.00494318	0.00631499	0.00612518
G[T>C]A	0.00105019	0.00000000	0.00289976	0.01409718	0.07110932	0.00028699	0.00070847	0.00071688	0.00587282	0.00482909	0.01173703	0.00600869
G[T>C]C	0.00190034	0.00002740	0.00117990	0.00793841	0.03040398	0.00018199	0.00226149	0.00123571	0.00122536	0.00291248	0.00325906	0.00432714
G[T>C]G	0.00117021	0.00010700	0.00236980	0.01499700	0.04150544	0.00019499	0.00398262	0.00058378	0.00160861	0.00337019	0.00597159	0.00792020
G[T>C]T	0.00007130	0.00001250	0.00075494	0.01369726	0.04630607	0.00000000	0.00315207	0.00084617	0.00202409	0.00824987	0.00674040	0.00695348
G[T>G]A	0.00000000	0.00020901	0.00059795	0.00251950	0.00041205	0.00008770	0.00087057	0.00158092	0.00295757	0.00105146	0.00331671	0.00145559
G[T>G]C	0.00000000	0.00013300	0.00025298	0.00170966	0.00021303	0.00000000	0.00003700	0.00023518	0.00044563	0.00102642	0.00304784	0.00079861
G[T>G]G	0.00034806	0.00003710	0.00242980	0.00529894	0.00049606	0.00042598	0.00583383	0.00045215	0.00123800	0.00174835	0.00310960	0.00297038
G[T>G]T	0.00001460	0.00000000	0.00025198	0.00234953	0.00016502	0.00000289	0.00214141	0.00001990	0.00106989	0.00195358	0.00775603	0.00178039
T[C>A]A	0.00006580	0.00063902	0.03979670	0.00785843	0.00348046	0.07899652	0.07384852	0.00078879	0.00533345	0.02752139	0.02319662	0.01138085
T[C>A]C	0.00253045	0.00017001	0.04689611	0.00916817	0.00288038	0.02939870	0.04362866	0.00174744	0.00490565	0.02938138	0.01268224	0.00775222
T[C>A]G	0.00000000	0.00008530	0.01089909	0.00229954	0.00050507	0.01209947	0.01270835	0.00000000	0.00087499	0.00543805	0.00146810	0.00186653
T[C>A]T	0.00000588	0.00044001	0.04129657	0.01269746	0.00235031	0.03549844	0.12208021	0.00040012	0.00605788	0.02383099	0.01683325	0.01301002
T[C>G]A	0.00000000	0.00000000	0.00357970	0.00780844	0.00096913	0.31698603	0.00214141	0.00358175	0.00516784	0.00821976	0.00842047	0.00616354
T[C>G]C	0.00020304	0.00009870	0.00594951	0.00759848	0.00155020	0.06349720	0.00464305	0.00152650	0.00538743	0.00789308	0.01722018	0.01010183
T[C>G]G	0.00006940	0.00004120	0.00182985	0.00170966	0.00021403	0.01379939	0.00089959	0.00038925	0.00054259	0.00094100	0.00155961	0.00244153
T[C>G]T	0.00156028	0.00118003	0.00337972	0.01249750	0.00305040	0.36898374	0.00318209	0.00039204	0.00638579	0.01639333	0.02583779	0.01110021
T[C>T]A	0.00111020	0.53601551	0.00373969	0.02029594	0.00552072	0.00692969	0.01140750	0.00159972	0.00705673	0.04223462	0.02858010	0.02055327
T[C>T]C	0.00003730	0.09730282	0.00698942	0.02299540	0.00264035	0.00447980	0.01140750	0.00132565	0.00467548	0.04591115	0.01280206	0.01995433
T[C>T]G	0.11001954	0.04420128	0.00028098	0.01589682	0.00008850	0.00118995	0.01180776	0.00003850	0.00152327	0.00707068	0.00232027	0.00662493
T[C>T]T	0.00000000	0.30000868	0.00721940	0.02099580	0.00612080	0.00141994	0.00375246	0.00000000	0.00467890	0.03359110	0.01195410	0.02692251
T[T>A]A	0.00672119	0.00042201	0.00887926	0.00630874	0.00375049	0.00029599	0.01080710	0.07093883	0.11822964	0.00951439	0.01318305	0.00946686
T[T>A]C	0.00000000	0.00019201	0.00430964	0.00413917	0.00645085	0.00023199	0.00273179	0.02406183	0.01283909	0.00912617	0.01736840	0.01070005
T[T>A]G	0.00002800	0.00005010	0.00953921	0.00478904	0.00277036	0.00018799	0.00179118	0.07379117	0.04835061	0.00563071	0.00988294	0.00764083
T[T>A]T	0.00225040	0.00020501	0.00561953	0.00874825	0.00525069	0.00006200	0.00710467	0.03023137	0.03731392	0.01822776	0.04109130	0.01892316
T[T>C]A	0.00025505	0.00000000	0.00240980	0.01799640	0.08611128	0.00002210	0.00180118	0.00457447	0.02356945	0.00735665	0.01843504	0.01467376
T[T>C]C	0.00339060	0.00004350	0.00050296	0.00970806	0.04630607	0.00002490	0.00618406	0.00000000	0.00192051	0.00306651	0.00565575	0.00676825
T[T>C]G	0.00041607	0.00011700	0.00173986	0.01269746	0.04000524	0.00009980	0.00326214	0.00122985	0.00535244	0.00370456	0.00630671	0.00978901
T[T>C]T	0.00433077	0.00003580	0.00063595	0.01849630	0.05970782	0.00053098	0.00337222	0.00000000	0.00400397	0.00791269	0.01235706	0.01174846
T[T>G]A	0.00000000	0.00001670	0.00037697	0.00521896	0.00163021	0.00018399	0.00069646	0.00499931	0.01195911	0.00556284	0.01497237	0.00417155
T[T>G]C	0.00005510	0.00007040	0.00017399	0.00655869	0.00113015	0.00000000	0.00210138	0.00076672	0.00223124	0.00642218	0.02462348	0.00431117
T[T>G]G	0.00058310	0.00009540	0.00231981	0.00693861	0.00087511	0.00003670	0.00145095	0.00561498	0.00689115	0.00418810	0.01385453	0.00572079
T[T>G]T	0.00000000	0.00000000	0.00056795	0.01349730	0.00221029	0.00001890	0.00516339	0.00059760	0.00513089	0.01492849	0.04892089	0.01071955
