MutationType	ID1	ID2	ID4	ID5	ID8	ID9	ID13
1:Del:C:0	0.00015989	0.00482412	0.00724972	0.02220211	0.03982756	0.33493988	0.06554837
1:Del:C:1	0.00077352	0.00002210	0.00273487	0.02854722	0.02391594	0.09999423	0.01753646
1:Del:C:2	0.00000000	0.00000311	0.00204106	0.02659693	0.00333055	0.00269066	0.00512022
1:Del:C:3	0.00190761	0.00247208	0.00111228	0.01415912	0.00540315	0.01062542	0.00535052
1:Del:C:4	0.00070599	0.00385698	0.00107568	0.00287342	0.00127571	0.01249690	0.00434601
1:Del:C:5	0.00337011	0.01461542	0.00224618	0.00260245	0.00093373	0.00004480	0.00084306
1:Del:T:0	0.00131160	0.00790597	0.00663505	0.10148115	0.03424369	0.10510537	0.05369876
1:Del:T:1	0.00000000	0.00000000	0.00162247	0.10609961	0.01045208	0.04429364	0.49822416
1:Del:T:2	0.00093645	0.00703642	0.00263341	0.11412846	0.00899203	0.08586196	0.02377780
1:Del:T:3	0.00229585	0.02023474	0.00030604	0.08896221	0.00982504	0.11325066	0.06278095
1:Del:T:4	0.00429142	0.04711993	0.00102320	0.05225953	0.00127378	0.09441274	0.02300438
1:Del:T:5	0.00000000	0.81469723	0.00015444	0.03061052	0.01062034	0.00092983	0.00607958
1:Ins:C:0	0.00000000	0.00000000	0.00000000	0.00054225	0.00276427	0.00000000	0.00285043
1:Ins:C:1	0.00000000	0.00022703	0.00027240	0.00124290	0.00216912	0.00000193	0.00165226
1:Ins:C:2	0.00000000	0.00002620	0.00006880	0.00315167	0.00152700	0.00035262	0.00082125
1:Ins:C:3	0.00084599	0.00043005	0.00051248	0.00060285	0.00011652	0.00000000	0.00037556
1:Ins:C:4	0.00178553	0.00291185	0.00000000	0.00019758	0.00055418	0.00000216	0.00014858
1:Ins:C:5	0.02429654	0.00901754	0.00024914	0.00043354	0.00048949	0.00007370	0.00070698
1:Ins:T:0	0.00228382	0.00132856	0.00033367	0.00636196	0.00450798	0.01261448	0.04113701
1:Ins:T:1	0.00004030	0.00000000	0.00101004	0.01346270	0.00486870	0.01038527	0.00474885
1:Ins:T:2	0.00019286	0.00064703	0.00001060	0.02972114	0.00142964	0.00231466	0.00305417
1:Ins:T:3	0.00424327	0.00108288	0.00017394	0.01884025	0.00108729	0.00160089	0.00927186
1:Ins:T:4	0.01664913	0.00348746	0.00001600	0.01126875	0.00082262	0.00158536	0.01209864
1:Ins:T:5	0.89090647	0.00313258	0.00083293	0.00143921	0.02016125	0.00577248	0.01109979
2:Del:R:0	0.00068605	0.00016381	0.07172421	0.02805441	0.00876922	0.01317475	0.02218440
2:Del:R:1	0.00121997	0.00356888	0.23051288	0.02456273	0.01030715	0.00319854	0.00433321
2:Del:R:2	0.00047275	0.00184957	0.05505940	0.00456262	0.00053203	0.00118970	0.00310892
2:Del:R:3	0.00042672	0.00073904	0.01281101	0.00039592	0.00002710	0.00009590	0.00010557
2:Del:R:4	0.00005460	0.00088193	0.00321922	0.00086756	0.00027403	0.00000000	0.00000613
2:Del:R:5	0.00000000	0.00000000	0.00238272	0.02142678	0.00083308	0.00000000	0.00006630
3:Del:R:0	0.00012804	0.00001250	0.00506895	0.01713637	0.01096410	0.00285810	0.00303967
3:Del:R:1	0.00501109	0.00500326	0.09711447	0.00590979	0.00134887	0.00430191	0.00118696
3:Del:R:2	0.00076938	0.00228989	0.02148428	0.00084271	0.00037657	0.00127572	0.00038438
3:Del:R:3	0.00037126	0.00040259	0.00383763	0.00062115	0.00025351	0.00030211	0.00006900
3:Del:R:4	0.00000000	0.00000000	0.00078630	0.00586708	0.00000268	0.00000000	0.00000309
3:Del:R:5	0.00000000	0.00000000	0.00113861	0.00837891	0.00009100	0.00000000	0.00009960
4:Del:R:0	0.00009970	0.00001210	0.00725243	0.01079126	0.00669131	0.00143277	0.00215535
4:Del:R:1	0.00090050	0.00211579	0.06352373	0.00284357	0.00162295	0.00459422	0.00002300
4:Del:R:2	0.00000323	0.00054329	0.01454892	0.00016464	0.00027262	0.00089602	0.00007920
4:Del:R:3	0.00000000	0.00000727	0.00455475	0.00387781	0.00002880	0.00002380	0.00003920
4:Del:R:4	0.00000000	0.00000000	0.00084968	0.00455725	0.00009730	0.00000000	0.00000947
4:Del:R:5	0.00002890	0.00021041	0.00061078	0.00158444	0.00000634	0.00001370	0.00006300
5:Del:R:0	0.00000835	0.00003850	0.00413283	0.01844795	0.23797886	0.00077205	0.02009754
5:Del:R:1	0.00019068	0.00297751	0.01571853	0.00041034	0.00057226	0.00047955	0.00298053
5:Del:R:2	0.00012636	0.00039753	0.00234385	0.00047093	0.00051684	0.00026497	0.00006990
5:Del:R:3	0.00001890	0.00015815	0.00118248	0.00025717	0.00000816	0.00000612	0.00000640
5:Del:R:4	0.00000311	0.00008470	0.00014692	0.00009730	0.00011290	0.00000725	0.00000146
5:Del:R:5	0.00003130	0.00002120	0.00010617	0.00058502	0.00004430	0.00002990	0.00000235
2:Ins:R:0	0.00040204	0.00033185	0.00049292	0.00634945	0.00191671	0.00116234	0.01061841
2:Ins:R:1	0.00000788	0.00027166	0.00055330	0.01838764	0.00166182	0.00210019	0.00180137
2:Ins:R:2	0.00022135	0.00103534	0.00026633	0.00720795	0.00030459	0.00076094	0.00068852
2:Ins:R:3	0.00051427	0.00038133	0.00013779	0.00117229	0.00017758	0.00035163	0.00074354
2:Ins:R:4	0.00291310	0.00197742	0.00007190	0.00006880	0.00001660	0.00003070	0.00021335
2:Ins:R:5	0.01812158	0.01363338	0.00010369	0.00099412	0.00176438	0.00000000	0.00084658
3:Ins:R:0	0.00000031	0.00005780	0.00002630	0.00379248	0.00066786	0.00025457	0.00008210
3:Ins:R:1	0.00025469	0.00122705	0.00045098	0.00612276	0.00067172	0.00082336	0.00368833
3:Ins:R:2	0.00004410	0.00021007	0.00060034	0.00114347	0.00013577	0.00011826	0.00020251
3:Ins:R:3	0.00016670	0.00000302	0.00007420	0.00001020	0.00003790	0.00000518	0.00002370
3:Ins:R:4	0.00008890	0.00014181	0.00007400	0.00001180	0.00012204	0.00001610	0.00000349
3:Ins:R:5	0.00124870	0.00186471	0.00003960	0.00010257	0.00003660	0.00000000	0.00003540
4:Ins:R:0	0.00000000	0.00001680	0.00016664	0.00243919	0.00077776	0.00016439	0.00111880
4:Ins:R:1	0.00074438	0.00120373	0.00126643	0.00361230	0.00110390	0.00071557	0.00269163
4:Ins:R:2	0.00007550	0.00001220	0.00009840	0.00037646	0.00007990	0.00004240	0.00006930
4:Ins:R:3	0.00015754	0.00013417	0.00005250	0.00000187	0.00000858	0.00002150	0.00000064
4:Ins:R:4	0.00031965	0.00024939	0.00014691	0.00000641	0.00020551	0.00000000	0.00001210
4:Ins:R:5	0.00100132	0.00219354	0.00013521	0.00063598	0.00088523	0.00000218	0.00000031
5:Ins:R:0	0.00000000	0.00000000	0.00008580	0.00475007	0.00031833	0.00016585	0.00259023
5:Ins:R:1	0.00144313	0.00013566	0.00213585	0.00479343	0.00976111	0.00125400	0.01350195
5:Ins:R:2	0.00025483	0.00000553	0.00022203	0.00029880	0.00010115	0.00010285	0.00004590
5:Ins:R:3	0.00023709	0.00009770	0.00000759	0.00016555	0.00007090	0.00008020	0.00004610
5:Ins:R:4	0.00026187	0.00000215	0.00002530	0.00012671	0.00000674	0.00005050	0.00000243
5:Ins:R:5	0.00011983	0.00011563	0.00016023	0.00062634	0.00019055	0.00000989	0.00004330
2:Del:M:1	0.00119782	0.00017555	0.18899749	0.02868795	0.00491367	0.00390097	0.00887241
3:Del:M:1	0.00008190	0.00000055	0.00703416	0.01315715	0.00929034	0.00301133	0.00114008
3:Del:M:2	0.00147959	0.00294406	0.04941660	0.00900421	0.00430269	0.00154330	0.00045031
4:Del:M:1	0.00008380	0.00014700	0.01098172	0.00873220	0.00580955	0.00192772	0.00127080
4:Del:M:2	0.00014548	0.00055061	0.02948388	0.00604719	0.00159159	0.00329745	0.00015972
4:Del:M:3	0.00016068	0.00069357	0.04886664	0.00344244	0.00109834	0.00254408	0.00027058
5:Del:M:1	0.00000082	0.00062496	0.00045312	0.00861707	0.28072426	0.00003540	0.01174078
5:Del:M:2	0.00000000	0.00011771	0.00013623	0.00785102	0.12361016	0.00022124	0.00705542
5:Del:M:3	0.00000000	0.00005670	0.00111224	0.00715797	0.04613041	0.00057091	0.00216598
5:Del:M:4	0.00003880	0.00046284	0.00365295	0.00249255	0.01636726	0.00044831	0.00028174
5:Del:M:5	0.00066512	0.00236732	0.00004560	0.00111237	0.01281488	0.00000000	0.01313191
