Sample Names	MutationType	SBS1	SBS2	SBS4	SBS5	SBS12	SBS13	SBS18	SBS21	SBS22a	SBS22b	SBS40a	SBS40b	SBS40c	SBS44
Kidney-RCC::MSI-H.S.1	A[C>A]A	0.009705341359828956	0.0	0.0	0.1829352053267937	0.0655804534155198	0.0	0.0	0.0	0.0	0.0	0.0	0.7417789998978572	0.0	3.879754951620266e-16
Kidney-RCC::MSI-H.S.1	A[C>A]C	0.05640240752210023	0.0	0.0	0.32499266208225747	0.03702541529894681	0.0	0.0	0.0	0.0	0.0	0.0	0.5644624281262614	0.0	0.017117086970434032
Kidney-RCC::MSI-H.S.1	A[C>A]G	0.019708903941339773	0.0	0.0	0.2866822352930834	0.07964214862816779	0.0	0.0	0.0	0.0	0.0	0.0	0.6134963292028114	0.0	0.0004703829345977417
Kidney-RCC::MSI-H.S.1	A[C>A]T	0.020413859899004752	0.0	0.0	0.14670857898123207	0.025771155497580373	0.0	0.0	0.0	0.0	0.0	0.0	0.38188121763811805	0.0	0.42522518798406483
Kidney-RCC::MSI-H.S.1	A[C>G]A	0.027259548770617138	0.0	0.0	0.20599939752682422	0.023682329361812346	0.0	0.0	0.0	0.0	0.0	0.0	0.5280734129515091	0.0	0.21498531138923713
Kidney-RCC::MSI-H.S.1	A[C>G]C	0.02018014521168498	0.0	0.0	0.13121333526782	0.014065592262803576	0.0	0.0	0.0	0.0	0.0	0.0	0.8167623899375105	0.0	0.017778537320181052
Kidney-RCC::MSI-H.S.1	A[C>G]G	0.010788790542489643	0.0	0.0	0.22456586832041556	0.00933078742778032	0.0	0.0	0.0	0.0	0.0	0.0	0.7417291677942632	0.0	0.0135853859150513
Kidney-RCC::MSI-H.S.1	A[C>G]T	0.008311951648587643	0.0	0.0	0.10248457087494567	0.013906558255750474	0.0	0.0	0.0	0.0	0.0	0.0	0.764642188207991	0.0	0.11065473101272512
Kidney-RCC::MSI-H.S.1	A[C>T]A	0.04359663701128058	0.0	0.0	0.07911691719539181	0.012726919659754256	0.0	0.0	0.0	0.0	0.0	0.0	0.14137602016158546	0.0	0.7231835059719879
Kidney-RCC::MSI-H.S.1	A[C>T]C	0.043896743223846284	0.0	0.0	0.17302426692188733	0.019503377482915498	0.0	0.0	0.0	0.0	0.0	0.0	0.22210143856515874	0.0	0.5414741738061921
Kidney-RCC::MSI-H.S.1	A[C>T]G	0.7766230203391852	0.0	0.0	0.018299728338924622	0.00033254960399974444	0.0	0.0	0.0	0.0	0.0	0.0	0.06438925113508903	0.0	0.14035545058280127
Kidney-RCC::MSI-H.S.1	A[C>T]T	0.038765153137977064	0.0	0.0	0.12389034095844577	0.01275591716648522	0.0	0.0	0.0	0.0	0.0	0.0	0.2590080511832161	0.0	0.5655805375538758
Kidney-RCC::MSI-H.S.1	A[T>A]A	0.00971687256474011	0.0	0.0	0.12474745805390405	0.08317365929704443	0.0	0.0	0.0	0.0	0.0	0.0	0.5145436891266645	0.0	0.2678183209576469
Kidney-RCC::MSI-H.S.1	A[T>A]C	0.03734266548994099	0.0	0.0	0.16149998070918228	0.060107473694947976	0.0	0.0	0.0	0.0	0.0	0.0	0.5402101259614019	0.0	0.20083975414452693
Kidney-RCC::MSI-H.S.1	A[T>A]G	0.019592624391381305	0.0	0.0	0.2181330922855823	0.07102337341960831	0.0	0.0	0.0	0.0	0.0	0.0	0.6911653091665767	0.0	8.560073685147749e-05
Kidney-RCC::MSI-H.S.1	A[T>A]T	0.0008645047172551875	0.0	0.0	0.04076129141201223	0.017645145129749008	0.0	0.0	0.0	0.0	0.0	0.0	0.2695412704697789	0.0	0.6711877882712047
Kidney-RCC::MSI-H.S.1	A[T>C]A	0.0032499858209169984	0.0	0.0	0.1917061188567689	0.2906643523438737	0.0	0.0	0.0	0.0	0.0	0.0	0.24892609897954762	0.0	0.2654534439988929
Kidney-RCC::MSI-H.S.1	A[T>C]C	0.02699560006417549	0.0	0.0	0.1656010710674019	0.4740054459576409	0.0	0.0	0.0	0.0	0.0	0.0	0.20067665689333053	0.0	0.132721226017451
Kidney-RCC::MSI-H.S.1	A[T>C]G	0.0003118091113202254	0.0	0.0	0.1563811444169143	0.274681930918511	0.0	0.0	0.0	0.0	0.0	0.0	0.19953961878880763	0.0	0.36908549676444674
Kidney-RCC::MSI-H.S.1	A[T>C]T	0.024146459295346145	0.0	0.0	0.22422245195847848	0.3554847328832463	0.0	0.0	0.0	0.0	0.0	0.0	0.3909651698454912	0.0	0.005181186017437757
Kidney-RCC::MSI-H.S.1	A[T>G]A	0.002601881804620277	0.0	0.0	0.08126135472369804	0.04027288014627215	0.0	0.0	0.0	0.0	0.0	0.0	0.8758622090186707	0.0	1.6743067388476999e-06
Kidney-RCC::MSI-H.S.1	A[T>G]C	0.002657409877211615	0.0	0.0	0.046451509364277194	0.01129053490393887	0.0	0.0	0.0	0.0	0.0	0.0	0.9376704845121528	0.0	0.0019300613424194691
Kidney-RCC::MSI-H.S.1	A[T>G]G	0.0034874588677914504	0.0	0.0	0.14379140550685104	0.013926558712363899	0.0	0.0	0.0	0.0	0.0	0.0	0.8383462858736133	0.0	0.00044829103938035214
Kidney-RCC::MSI-H.S.1	A[T>G]T	0.0005297907342481875	0.0	0.0	0.03179595138494957	0.008019637119393819	0.0	0.0	0.0	0.0	0.0	0.0	0.9286697166338311	0.0	0.030984904127577154
Kidney-RCC::MSI-H.S.1	C[C>A]A	0.005252250741906292	0.0	0.0	0.17406803337233295	0.12085077489157478	0.0	0.0	0.0	0.0	0.0	0.0	0.6976241086112281	0.0	0.0022048323829576633
Kidney-RCC::MSI-H.S.1	C[C>A]C	0.009743152887784151	0.0	0.0	0.04651077904562164	0.03085666530474435	0.0	0.0	0.0	0.0	0.0	0.0	0.1520991294597136	0.0	0.7607902733021363
Kidney-RCC::MSI-H.S.1	C[C>A]G	0.0032905389119010026	0.0	0.0	0.17003687734044082	0.054723356718802685	0.0	0.0	0.0	0.0	0.0	0.0	0.16272718610060893	0.0	0.6092220409282467
Kidney-RCC::MSI-H.S.1	C[C>A]T	4.86721825537254e-16	0.0	0.0	0.01971680577969703	0.00318056629920471	0.0	0.0	0.0	0.0	0.0	0.0	0.10403468652765009	0.0	0.8730679413934476
Kidney-RCC::MSI-H.S.1	C[C>G]A	0.0005278934303508078	0.0	0.0	0.21220438682882925	0.03888391732758023	0.0	0.0	0.0	0.0	0.0	0.0	0.7429683226451121	0.0	0.0054154797681275485
Kidney-RCC::MSI-H.S.1	C[C>G]C	0.001060257499363295	0.0	0.0	0.1742903425319479	0.016295354842362997	0.0	0.0	0.0	0.0	0.0	0.0	0.8067684495942785	0.0	0.0015855955320473968
Kidney-RCC::MSI-H.S.1	C[C>G]G	0.03826032247043	0.0	0.0	0.3766558567393655	0.0249064753376434	0.0	0.0	0.0	0.0	0.0	0.0	0.5601773454525573	0.0	3.8497597508345696e-15
Kidney-RCC::MSI-H.S.1	C[C>G]T	1.836078645141812e-15	0.0	0.0	0.1092182517419284	0.01701558024966537	0.0	0.0	0.0	0.0	0.0	0.0	0.8704848895132201	0.0	0.003281278495184221
Kidney-RCC::MSI-H.S.1	C[C>T]A	0.017621956990743825	0.0	0.0	0.23788371740078598	0.0769074311462771	0.0	0.0	0.0	0.0	0.0	0.0	0.5224866416974632	0.0	0.14510025276472985
Kidney-RCC::MSI-H.S.1	C[C>T]C	0.003066503101318338	0.0	0.0	0.300311504890045	0.003820951632793318	0.0	0.0	0.0	0.0	0.0	0.0	0.5429632059362257	0.0	0.1498378344396177
Kidney-RCC::MSI-H.S.1	C[C>T]G	0.6406271164323809	0.0	0.0	0.07960238714215158	0.00017704121562198746	0.0	0.0	0.0	0.0	0.0	0.0	0.04589448915791499	0.0	0.2336989660519305
Kidney-RCC::MSI-H.S.1	C[C>T]T	0.0017699777163208553	0.0	0.0	0.2903100588494474	0.04042841910831538	0.0	0.0	0.0	0.0	0.0	0.0	0.4575406755743106	0.0	0.2099508687516058
Kidney-RCC::MSI-H.S.1	C[T>A]A	0.001955732284748921	0.0	0.0	0.2241094216891225	0.03289802438305845	0.0	0.0	0.0	0.0	0.0	0.0	0.7384354310349689	0.0	0.002601390608101249
Kidney-RCC::MSI-H.S.1	C[T>A]C	0.005452162316516403	0.0	0.0	0.10020332650381927	0.10290175577741083	0.0	0.0	0.0	0.0	0.0	0.0	0.5834562609276056	0.0	0.20798649447464787
Kidney-RCC::MSI-H.S.1	C[T>A]G	0.008800972223251224	0.0	0.0	0.1893925417080173	0.05072993363183461	0.0	0.0	0.0	0.0	0.0	0.0	0.678150141517908	0.0	0.07292641091898883
Kidney-RCC::MSI-H.S.1	C[T>A]T	0.004827191222879008	0.0	0.0	0.11110374147492365	0.03688685071450759	0.0	0.0	0.0	0.0	0.0	0.0	0.8460006278441087	0.0	0.0011815887435810326
Kidney-RCC::MSI-H.S.1	C[T>C]A	1.0586372649565354e-15	0.0	0.0	0.08788401539008531	0.2855183604997809	0.0	0.0	0.0	0.0	0.0	0.0	0.3068199417852404	0.0	0.31977768232489234
Kidney-RCC::MSI-H.S.1	C[T>C]C	0.020066729168545325	0.0	0.0	0.11617393488334177	0.5283865124117499	0.0	0.0	0.0	0.0	0.0	0.0	0.21688808324916545	0.0	0.11848474028719767
Kidney-RCC::MSI-H.S.1	C[T>C]G	0.001311670652551561	0.0	0.0	0.10546888607134099	0.1804897657501222	0.0	0.0	0.0	0.0	0.0	0.0	0.1446427657135373	0.0	0.5680869118124481
Kidney-RCC::MSI-H.S.1	C[T>C]T	0.00024906695821185236	0.0	0.0	0.12125753035684023	0.35551266886580324	0.0	0.0	0.0	0.0	0.0	0.0	0.3150044175822007	0.0	0.2079763162369439
Kidney-RCC::MSI-H.S.1	C[T>G]A	0.0012797232485102863	0.0	0.0	0.12995810626123228	0.04264567794813725	0.0	0.0	0.0	0.0	0.0	0.0	0.7871980022245487	0.0	0.038918490317571566
Kidney-RCC::MSI-H.S.1	C[T>G]C	0.0030164262593038197	0.0	0.0	0.09128424805906317	0.021484219681691223	0.0	0.0	0.0	0.0	0.0	0.0	0.7181599033542635	0.0	0.16605520264567844
Kidney-RCC::MSI-H.S.1	C[T>G]G	0.0021162114855472498	0.0	0.0	0.1410416711646706	0.01298559463912506	0.0	0.0	0.0	0.0	0.0	0.0	0.5792177496650714	0.0	0.2646387730455857
Kidney-RCC::MSI-H.S.1	C[T>G]T	0.001678027908929938	0.0	0.0	0.09969322551018926	0.004471169095512829	0.0	0.0	0.0	0.0	0.0	0.0	0.876775137746752	0.0	0.01738243973861606
Kidney-RCC::MSI-H.S.1	G[C>A]A	0.0434806282907819	0.0	0.0	0.39064101745916735	0.07217100004520798	0.0	0.0	0.0	0.0	0.0	0.0	0.4937073542048418	0.0	9.746886764284497e-16
Kidney-RCC::MSI-H.S.1	G[C>A]C	0.006404323406979048	0.0	0.0	0.20112869502193326	0.01043443623981192	0.0	0.0	0.0	0.0	0.0	0.0	0.3750586881949477	0.0	0.4069738571363281
Kidney-RCC::MSI-H.S.1	G[C>A]G	0.05329631296989981	0.0	0.0	0.29567451097560177	0.05375587419113424	0.0	0.0	0.0	0.0	0.0	0.0	0.3438828474746243	0.0	0.2533904543887399
Kidney-RCC::MSI-H.S.1	G[C>A]T	2.5603782209491207e-15	0.0	0.0	0.10899323410145999	0.0004182258912126455	0.0	0.0	0.0	0.0	0.0	0.0	0.29199683171878354	0.0	0.5985917082885412
Kidney-RCC::MSI-H.S.1	G[C>G]A	0.0004952123148167491	0.0	0.0	0.33638342284893896	0.03858227846571193	0.0	0.0	0.0	0.0	0.0	0.0	0.5723633084709687	0.0	0.052175777899563645
Kidney-RCC::MSI-H.S.1	G[C>G]C	0.005349617687742342	0.0	0.0	0.23061190565993173	0.01248636461153258	0.0	0.0	0.0	0.0	0.0	0.0	0.5724907677172704	0.0	0.17906134432352294
Kidney-RCC::MSI-H.S.1	G[C>G]G	0.02608316909427158	0.0	0.0	0.3301940593529284	0.019851975913320222	0.0	0.0	0.0	0.0	0.0	0.0	0.6238707956394743	0.0	5.565197201811293e-15
Kidney-RCC::MSI-H.S.1	G[C>G]T	4.264167729042956e-15	0.0	0.0	0.17886056262881744	0.012767203502165207	0.0	0.0	0.0	0.0	0.0	0.0	0.6451594534169415	0.0	0.1632127804520717
Kidney-RCC::MSI-H.S.1	G[C>T]A	0.008410779246427231	0.0	0.0	0.0511438893216798	0.01124061234317999	0.0	0.0	0.0	0.0	0.0	0.0	0.09469297660589494	0.0	0.834511742482818
Kidney-RCC::MSI-H.S.1	G[C>T]C	0.00021192443099825114	0.0	0.0	0.06865983007145587	0.005506050449793845	0.0	0.0	0.0	0.0	0.0	0.0	0.06797151558846028	0.0	0.8576506794592916
Kidney-RCC::MSI-H.S.1	G[C>T]G	0.4603361476094312	0.0	0.0	0.03614618507850346	0.00020862158505642297	0.0	0.0	0.0	0.0	0.0	0.0	0.0201655693451397	0.0	0.4831434763818692
Kidney-RCC::MSI-H.S.1	G[C>T]T	0.00010230866067348468	0.0	0.0	0.06897791232806903	0.009423849087381855	0.0	0.0	0.0	0.0	0.0	0.0	0.10282685760065817	0.0	0.8186690723232175
Kidney-RCC::MSI-H.S.1	G[T>A]A	0.002206127790682533	0.0	0.0	0.13878949767520052	0.02972969298183474	0.0	0.0	0.0	0.0	0.0	0.0	0.68386758051863	0.0	0.14540710103365223
Kidney-RCC::MSI-H.S.1	G[T>A]C	0.0031560286008463076	0.0	0.0	0.0990792446309247	0.058652724702488626	0.0	0.0	0.0	0.0	0.0	0.0	0.5727705502846151	0.0	0.26634145178112517
Kidney-RCC::MSI-H.S.1	G[T>A]G	0.004930796061611344	0.0	0.0	0.1146468130891936	0.06663675880483173	0.0	0.0	0.0	0.0	0.0	0.0	0.6094474608706204	0.0	0.20433817117374287
Kidney-RCC::MSI-H.S.1	G[T>A]T	0.00504400876393791	0.0	0.0	0.08760935363165491	0.023693854009992958	0.0	0.0	0.0	0.0	0.0	0.0	0.5968662092656666	0.0	0.2867865743287477
Kidney-RCC::MSI-H.S.1	G[T>C]A	0.0035456526318098577	0.0	0.0	0.06626207136739214	0.31800608818771436	0.0	0.0	0.0	0.0	0.0	0.0	0.19160804587980737	0.0	0.4205781419332763
Kidney-RCC::MSI-H.S.1	G[T>C]C	0.025564384731313092	0.0	0.0	0.14867608838391447	0.5417690311475649	0.0	0.0	0.0	0.0	0.0	0.0	0.21199328023320008	0.0	0.07199721550400746
Kidney-RCC::MSI-H.S.1	G[T>C]G	0.006300969370289436	0.0	0.0	0.1124220491662507	0.29602492349865056	0.0	0.0	0.0	0.0	0.0	0.0	0.1554748224275931	0.0	0.4297772355372162
Kidney-RCC::MSI-H.S.1	G[T>C]T	0.00043401143677286515	0.0	0.0	0.11607752681823451	0.37336062028104067	0.0	0.0	0.0	0.0	0.0	0.0	0.1983913791286216	0.0	0.3117364623353304
Kidney-RCC::MSI-H.S.1	G[T>G]A	1.1099614241571021e-14	0.0	0.0	0.17459004086734783	0.02716665183938322	0.0	0.0	0.0	0.0	0.0	0.0	0.798243307293256	0.0	1.763222730116867e-15
Kidney-RCC::MSI-H.S.1	G[T>G]C	1.2754482547991969e-14	0.0	0.0	0.13613506236666056	0.016138888867040534	0.0	0.0	0.0	0.0	0.0	0.0	0.8428982183793853	0.0	0.004827830386901017
Kidney-RCC::MSI-H.S.1	G[T>G]G	0.01456725115318799	0.0	0.0	0.30875412574843725	0.02750037038387176	0.0	0.0	0.0	0.0	0.0	0.0	0.6292893525151466	0.0	0.01988890019935637
Kidney-RCC::MSI-H.S.1	G[T>G]T	0.00027074338005613255	0.0	0.0	0.060658093528337134	0.004053459117486321	0.0	0.0	0.0	0.0	0.0	0.0	0.6954568177481293	0.0	0.239560886225991
Kidney-RCC::MSI-H.S.1	T[C>A]A	0.0004995629671434132	0.0	0.0	0.08306207808110493	0.03500091925834825	0.0	0.0	0.0	0.0	0.0	0.0	0.8515584253240553	0.0	0.0298790143693482
Kidney-RCC::MSI-H.S.1	T[C>A]C	0.027906825745763073	0.0	0.0	0.14076610406046544	0.042076649121885024	0.0	0.0	0.0	0.0	0.0	0.0	0.6762919803510443	0.0	0.11295844072084206
Kidney-RCC::MSI-H.S.1	T[C>A]G	2.0327038697405582e-14	0.0	0.0	0.29181861393561453	0.06098125314749869	0.0	0.0	0.0	0.0	0.0	0.0	0.6470676918294107	0.0	0.00013244108745564972
Kidney-RCC::MSI-H.S.1	T[C>A]T	3.2889815582010256e-05	0.0	0.0	0.0988789328924138	0.01741357141148851	0.0	0.0	0.0	0.0	0.0	0.0	0.45527882539980524	0.0	0.4283957804807103
Kidney-RCC::MSI-H.S.1	T[C>G]A	3.983895205697384e-15	0.0	0.0	0.19420928092841244	0.02293309638581716	0.0	0.0	0.0	0.0	0.0	0.0	0.7273860179712858	0.0	0.0554716047144805
Kidney-RCC::MSI-H.S.1	T[C>G]C	0.0021118013868064093	0.0	0.0	0.11002959581444031	0.021357359355431545	0.0	0.0	0.0	0.0	0.0	0.0	0.8660502701654027	0.0	0.0004509732779188901
Kidney-RCC::MSI-H.S.1	T[C>G]G	0.006754700973941231	0.0	0.0	0.23166406424869412	0.027592827809046348	0.0	0.0	0.0	0.0	0.0	0.0	0.7339884069683148	0.0	3.44786942948054e-15
Kidney-RCC::MSI-H.S.1	T[C>G]T	0.009758839987270673	0.0	0.0	0.10882342914327545	0.025271571134828013	0.0	0.0	0.0	0.0	0.0	0.0	0.7814068344600081	0.0	0.07473932527461777
Kidney-RCC::MSI-H.S.1	T[C>T]A	0.006122449728571714	0.0	0.0	0.15582500199033722	0.040327388182158114	0.0	0.0	0.0	0.0	0.0	0.0	0.7621041477370647	0.0	0.03562101236186829
Kidney-RCC::MSI-H.S.1	T[C>T]C	0.0003459086968977081	0.0	0.0	0.29689057290887794	0.032433398014011856	0.0	0.0	0.0	0.0	0.0	0.0	0.5740607551484045	0.0	0.09626936523180814
Kidney-RCC::MSI-H.S.1	T[C>T]G	0.7667526998057781	0.0	0.0	0.15424054531393816	0.0008169730450553452	0.0	0.0	0.0	0.0	0.0	0.0	0.07818978183522805	0.0	2.4688212696067763e-16
Kidney-RCC::MSI-H.S.1	T[C>T]T	2.0444956337833303e-15	0.0	0.0	0.26798873778230764	0.07433076720314236	0.0	0.0	0.0	0.0	0.0	0.0	0.5299362928006872	0.0	0.1277442022138608
Kidney-RCC::MSI-H.S.1	T[T>A]A	0.057777969213436677	0.0	0.0	0.07550246049770204	0.04270541336037376	0.0	0.0	0.0	0.0	0.0	0.0	0.5479703092164709	0.0	0.27604384771201657
Kidney-RCC::MSI-H.S.1	T[T>A]C	2.266616149198966e-15	0.0	0.0	0.05857190646869483	0.08684977200042347	0.0	0.0	0.0	0.0	0.0	0.0	0.8536078419672368	0.0	0.0009704795636427074
Kidney-RCC::MSI-H.S.1	T[T>A]G	0.0004813042552321673	0.0	0.0	0.11460751258380913	0.06307791192831169	0.0	0.0	0.0	0.0	0.0	0.0	0.8214352480936365	0.0	0.000398023139010605
Kidney-RCC::MSI-H.S.1	T[T>A]T	0.007918214869648037	0.0	0.0	0.0428540343030216	0.024471631796051448	0.0	0.0	0.0	0.0	0.0	0.0	0.6991060253186072	0.0	0.22565009371267153
Kidney-RCC::MSI-H.S.1	T[T>C]A	0.0007962096548053383	0.0	0.0	0.07821662244578947	0.356081700965263	0.0	0.0	0.0	0.0	0.0	0.0	0.27827874349718107	0.0	0.2866267234369612
Kidney-RCC::MSI-H.S.1	T[T>C]C	0.02201204195935565	0.0	0.0	0.08774422115086539	0.3981990828402345	0.0	0.0	0.0	0.0	0.0	0.0	0.17754101774899095	0.0	0.31450363630055345
Kidney-RCC::MSI-H.S.1	T[T>C]G	0.0021933130890211022	0.0	0.0	0.09318579418507837	0.2793353666518373	0.0	0.0	0.0	0.0	0.0	0.0	0.16075269512453166	0.0	0.46453283094953157
Kidney-RCC::MSI-H.S.1	T[T>C]T	0.012734208140018417	0.0	0.0	0.07571720601495406	0.23255042423494474	0.0	0.0	0.0	0.0	0.0	0.0	0.17569018420216184	0.0	0.503307977407921
Kidney-RCC::MSI-H.S.1	T[T>G]A	2.7254476619992182e-15	0.0	0.0	0.08880131353919178	0.02639104347149853	0.0	0.0	0.0	0.0	0.0	0.0	0.8848076429893066	0.0	4.329493947080381e-16
Kidney-RCC::MSI-H.S.1	T[T>G]C	0.00042467735176200314	0.0	0.0	0.07037643193077966	0.011537767485249819	0.0	0.0	0.0	0.0	0.0	0.0	0.9176611232322083	0.0	2.7303080842041167e-16
Kidney-RCC::MSI-H.S.1	T[T>G]G	0.007057295951851713	0.0	0.0	0.11691451388429924	0.014029336836633233	0.0	0.0	0.0	0.0	0.0	0.0	0.8107935214211378	0.0	0.05120533190607807
Kidney-RCC::MSI-H.S.1	T[T>G]T	7.438524908170869e-16	0.0	0.0	0.06268038605076656	0.009765852881300715	0.0	0.0	0.0	0.0	0.0	0.0	0.7890449322954428	0.0	0.13850882877248907
