Sample Names	MutationType	ID1	ID2	ID3	ID5	ID6	ID8	ID9	ID11
Liver-HCC::MSI-H.S.1	1:Del:C:0	0.09121672826191018	0.9087832717380898	0.0	0.0	0.0	0.0	0.0	0.0
Liver-HCC::MSI-H.S.1	1:Del:C:1	0.9906539586382823	0.009346041361717709	0.0	0.0	0.0	0.0	0.0	0.0
Liver-HCC::MSI-H.S.1	1:Del:C:2	3.2231530439253582e-12	0.9999999999967768	0.0	0.0	0.0	0.0	0.0	0.0
Liver-HCC::MSI-H.S.1	1:Del:C:3	0.700321453885229	0.299678546114771	0.0	0.0	0.0	0.0	0.0	0.0
Liver-HCC::MSI-H.S.1	1:Del:C:4	0.3566341569701781	0.6433658430298219	0.0	0.0	0.0	0.0	0.0	0.0
Liver-HCC::MSI-H.S.1	1:Del:C:5	0.4111784364049929	0.5888215635950071	0.0	0.0	0.0	0.0	0.0	0.0
Liver-HCC::MSI-H.S.1	1:Del:T:0	0.3344043503905722	0.665595649609428	0.0	0.0	0.0	0.0	0.0	0.0
Liver-HCC::MSI-H.S.1	1:Del:T:1	0.7173323090436812	0.2826676909563188	0.0	0.0	0.0	0.0	0.0	0.0
Liver-HCC::MSI-H.S.1	1:Del:T:2	0.2872617224697264	0.7127382775302736	0.0	0.0	0.0	0.0	0.0	0.0
Liver-HCC::MSI-H.S.1	1:Del:T:3	0.25573390961971343	0.7442660903802867	0.0	0.0	0.0	0.0	0.0	0.0
Liver-HCC::MSI-H.S.1	1:Del:T:4	0.21618420746235745	0.7838157925376427	0.0	0.0	0.0	0.0	0.0	0.0
Liver-HCC::MSI-H.S.1	1:Del:T:5	1.2303964830065638e-17	1.0	0.0	0.0	0.0	0.0	0.0	0.0
Liver-HCC::MSI-H.S.1	1:Ins:C:0	0.7173323090436812	0.2826676909563188	0.0	0.0	0.0	0.0	0.0	0.0
Liver-HCC::MSI-H.S.1	1:Ins:C:1	4.415355935726394e-14	0.9999999999999558	0.0	0.0	0.0	0.0	0.0	0.0
Liver-HCC::MSI-H.S.1	1:Ins:C:2	3.825956475815396e-13	0.9999999999996173	0.0	0.0	0.0	0.0	0.0	0.0
Liver-HCC::MSI-H.S.1	1:Ins:C:3	0.8562683688055425	0.14373163119445742	0.0	0.0	0.0	0.0	0.0	0.0
Liver-HCC::MSI-H.S.1	1:Ins:C:4	0.6499819500143217	0.3500180499856784	0.0	0.0	0.0	0.0	0.0	0.0
Liver-HCC::MSI-H.S.1	1:Ins:C:5	0.8908251347849345	0.10917486521506548	0.0	0.0	0.0	0.0	0.0	0.0
Liver-HCC::MSI-H.S.1	1:Ins:T:0	0.8388631010624419	0.16113689893755812	0.0	0.0	0.0	0.0	0.0	0.0
Liver-HCC::MSI-H.S.1	1:Ins:T:1	0.9999999999999677	3.236523217132058e-14	0.0	0.0	0.0	0.0	0.0	0.0
Liver-HCC::MSI-H.S.1	1:Ins:T:2	0.47442927498829507	0.525570725011705	0.0	0.0	0.0	0.0	0.0	0.0
Liver-HCC::MSI-H.S.1	1:Ins:T:3	0.9222806192509831	0.07771938074901694	0.0	0.0	0.0	0.0	0.0	0.0
Liver-HCC::MSI-H.S.1	1:Ins:T:4	0.9353067959750907	0.06469320402490926	0.0	0.0	0.0	0.0	0.0	0.0
Liver-HCC::MSI-H.S.1	1:Ins:T:5	0.9988402791139738	0.0011597208860262592	0.0	0.0	0.0	0.0	0.0	0.0
Liver-HCC::MSI-H.S.1	2:Del:R:0	0.9269176737238484	0.07308232627615162	0.0	0.0	0.0	0.0	0.0	0.0
Liver-HCC::MSI-H.S.1	2:Del:R:1	0.5086508491250114	0.4913491508749886	0.0	0.0	0.0	0.0	0.0	0.0
Liver-HCC::MSI-H.S.1	2:Del:R:2	0.43631984994985024	0.5636801500501498	0.0	0.0	0.0	0.0	0.0	0.0
Liver-HCC::MSI-H.S.1	2:Del:R:3	0.6361760473057593	0.3638239526942406	0.0	0.0	0.0	0.0	0.0	0.0
Liver-HCC::MSI-H.S.1	2:Del:R:4	0.15788542748952578	0.8421145725104742	0.0	0.0	0.0	0.0	0.0	0.0
Liver-HCC::MSI-H.S.1	2:Del:R:5	0.6821833330813728	0.3178166669186271	0.0	0.0	0.0	0.0	0.0	0.0
Liver-HCC::MSI-H.S.1	3:Del:R:0	0.9687712007694492	0.03122879923055089	0.0	0.0	0.0	0.0	0.0	0.0
Liver-HCC::MSI-H.S.1	3:Del:R:1	0.7520541179151589	0.2479458820848411	0.0	0.0	0.0	0.0	0.0	0.0
Liver-HCC::MSI-H.S.1	3:Del:R:2	0.5043408962354217	0.49565910376457845	0.0	0.0	0.0	0.0	0.0	0.0
Liver-HCC::MSI-H.S.1	3:Del:R:3	0.7363368312219626	0.2636631687780375	0.0	0.0	0.0	0.0	0.0	0.0
Liver-HCC::MSI-H.S.1	3:Del:R:4	0.7163071096679574	0.28369289033204254	0.0	0.0	0.0	0.0	0.0	0.0
Liver-HCC::MSI-H.S.1	3:Del:R:5	0.7173323090436812	0.2826676909563188	0.0	0.0	0.0	0.0	0.0	0.0
Liver-HCC::MSI-H.S.1	4:Del:R:0	0.9614688383548848	0.03853116164511519	0.0	0.0	0.0	0.0	0.0	0.0
Liver-HCC::MSI-H.S.1	4:Del:R:1	0.5631130627809084	0.43688693721909166	0.0	0.0	0.0	0.0	0.0	0.0
Liver-HCC::MSI-H.S.1	4:Del:R:2	0.017686129930262882	0.9823138700697371	0.0	0.0	0.0	0.0	0.0	0.0
Liver-HCC::MSI-H.S.1	4:Del:R:3	1.3788178771150416e-12	0.9999999999986212	0.0	0.0	0.0	0.0	0.0	0.0
Liver-HCC::MSI-H.S.1	4:Del:R:4	0.7173323090436812	0.2826676909563188	0.0	0.0	0.0	0.0	0.0	0.0
Liver-HCC::MSI-H.S.1	4:Del:R:5	0.293759163536422	0.7062408364635779	0.0	0.0	0.0	0.0	0.0	0.0
Liver-HCC::MSI-H.S.1	5:Del:R:0	0.39643011106012654	0.6035698889398734	0.0	0.0	0.0	0.0	0.0	0.0
Liver-HCC::MSI-H.S.1	5:Del:R:1	0.162433353182057	0.837566646817943	0.0	0.0	0.0	0.0	0.0	0.0
Liver-HCC::MSI-H.S.1	5:Del:R:2	0.4904692055484147	0.5095307944515852	0.0	0.0	0.0	0.0	0.0	0.0
Liver-HCC::MSI-H.S.1	5:Del:R:3	0.26573825850346167	0.7342617414965382	0.0	0.0	0.0	0.0	0.0	0.0
Liver-HCC::MSI-H.S.1	5:Del:R:4	0.10006899042211442	0.8999310095778855	0.0	0.0	0.0	0.0	0.0	0.0
Liver-HCC::MSI-H.S.1	5:Del:R:5	0.8172239503486486	0.1827760496513515	0.0	0.0	0.0	0.0	0.0	0.0
Liver-HCC::MSI-H.S.1	2:Ins:R:0	0.7858154868002536	0.2141845131997464	0.0	0.0	0.0	0.0	0.0	0.0
Liver-HCC::MSI-H.S.1	2:Ins:R:1	0.08074948008401206	0.9192505199159879	0.0	0.0	0.0	0.0	0.0	0.0
Liver-HCC::MSI-H.S.1	2:Ins:R:2	0.39299983026728924	0.6070001697327108	0.0	0.0	0.0	0.0	0.0	0.0
Liver-HCC::MSI-H.S.1	2:Ins:R:3	0.8033120058383995	0.19668799416160052	0.0	0.0	0.0	0.0	0.0	0.0
Liver-HCC::MSI-H.S.1	2:Ins:R:4	0.8168960678334578	0.18310393216654214	0.0	0.0	0.0	0.0	0.0	0.0
Liver-HCC::MSI-H.S.1	2:Ins:R:5	0.801009772755454	0.19899022724454593	0.0	0.0	0.0	0.0	0.0	0.0
Liver-HCC::MSI-H.S.1	3:Ins:R:0	0.015779717410081138	0.9842202825899189	0.0	0.0	0.0	0.0	0.0	0.0
Liver-HCC::MSI-H.S.1	3:Ins:R:1	0.38597410509952323	0.6140258949004767	0.0	0.0	0.0	0.0	0.0	0.0
Liver-HCC::MSI-H.S.1	3:Ins:R:2	0.3886548059681298	0.6113451940318702	0.0	0.0	0.0	0.0	0.0	0.0
Liver-HCC::MSI-H.S.1	3:Ins:R:3	0.994053484408627	0.0059465155913731044	0.0	0.0	0.0	0.0	0.0	0.0
Liver-HCC::MSI-H.S.1	3:Ins:R:4	0.6549975073047173	0.34500249269528277	0.0	0.0	0.0	0.0	0.0	0.0
Liver-HCC::MSI-H.S.1	3:Ins:R:5	0.6697446758409648	0.33025532415903525	0.0	0.0	0.0	0.0	0.0	0.0
Liver-HCC::MSI-H.S.1	4:Ins:R:0	5.966670218234639e-13	0.9999999999994034	0.0	0.0	0.0	0.0	0.0	0.0
Liver-HCC::MSI-H.S.1	4:Ins:R:1	0.651901714683861	0.3480982853161389	0.0	0.0	0.0	0.0	0.0	0.0
Liver-HCC::MSI-H.S.1	4:Ins:R:2	0.9493448556050308	0.05065514439496915	0.0	0.0	0.0	0.0	0.0	0.0
Liver-HCC::MSI-H.S.1	4:Ins:R:3	0.780509713844217	0.21949028615578306	0.0	0.0	0.0	0.0	0.0	0.0
Liver-HCC::MSI-H.S.1	4:Ins:R:4	0.7951532571685654	0.20484674283143456	0.0	0.0	0.0	0.0	0.0	0.0
Liver-HCC::MSI-H.S.1	4:Ins:R:5	0.5802585360788273	0.4197414639211728	0.0	0.0	0.0	0.0	0.0	0.0
Liver-HCC::MSI-H.S.1	5:Ins:R:0	0.7173323090436812	0.2826676909563188	0.0	0.0	0.0	0.0	0.0	0.0
Liver-HCC::MSI-H.S.1	5:Ins:R:1	0.9698940637743259	0.030105936225674146	0.0	0.0	0.0	0.0	0.0	0.0
Liver-HCC::MSI-H.S.1	5:Ins:R:2	0.9928852945593353	0.007114705440664658	0.0	0.0	0.0	0.0	0.0	0.0
Liver-HCC::MSI-H.S.1	5:Ins:R:3	0.8802247525509779	0.11977524744902218	0.0	0.0	0.0	0.0	0.0	0.0
Liver-HCC::MSI-H.S.1	5:Ins:R:4	0.9972962168770737	0.0027037831229263726	0.0	0.0	0.0	0.0	0.0	0.0
Liver-HCC::MSI-H.S.1	5:Ins:R:5	0.758368446576467	0.24163155342353296	0.0	0.0	0.0	0.0	0.0	0.0
Liver-HCC::MSI-H.S.1	2:Del:M:1	0.9538384877580487	0.04616151224195125	0.0	0.0	0.0	0.0	0.0	0.0
Liver-HCC::MSI-H.S.1	3:Del:M:1	0.9978034534019288	0.0021965465980712346	0.0	0.0	0.0	0.0	0.0	0.0
Liver-HCC::MSI-H.S.1	3:Del:M:2	0.6034858996057093	0.3965141003942906	0.0	0.0	0.0	0.0	0.0	0.0
Liver-HCC::MSI-H.S.1	4:Del:M:1	0.6332073029658329	0.36679269703416695	0.0	0.0	0.0	0.0	0.0	0.0
Liver-HCC::MSI-H.S.1	4:Del:M:2	0.4444878774267786	0.5555121225732214	0.0	0.0	0.0	0.0	0.0	0.0
Liver-HCC::MSI-H.S.1	4:Del:M:3	0.41232260663528125	0.5876773933647187	0.0	0.0	0.0	0.0	0.0	0.0
Liver-HCC::MSI-H.S.1	5:Del:M:1	0.003938540461684645	0.9960614595383154	0.0	0.0	0.0	0.0	0.0	0.0
Liver-HCC::MSI-H.S.1	5:Del:M:2	6.123245047254128e-06	0.9999938767549528	0.0	0.0	0.0	0.0	0.0	0.0
Liver-HCC::MSI-H.S.1	5:Del:M:3	1.2444748688269904e-07	0.9999998755525132	0.0	0.0	0.0	0.0	0.0	0.0
Liver-HCC::MSI-H.S.1	5:Del:M:4	0.20246949151381063	0.7975305084861893	0.0	0.0	0.0	0.0	0.0	0.0
Liver-HCC::MSI-H.S.1	5:Del:M:5	0.4597082343747356	0.5402917656252644	0.0	0.0	0.0	0.0	0.0	0.0
