MutationType	SBS1	SBS2	SBS3	SBS5	SBS8	SBS9	SBS13	SBS17a	SBS17b	SBS18	SBS37	SBS40	SBS41
A[C>A]A	0.00088616	0.00000058	0.02080832	0.01199760	0.04409822	0.00055795	0.00181992	0.00207026	0.00060796	0.05153386	0.00395082	0.02820375	0.00211019
A[C>A]C	0.00228041	0.00014800	0.01650660	0.00943811	0.04779807	0.00408966	0.00072097	0.00091812	0.00012899	0.01581039	0.00145030	0.01340178	0.00122011
A[C>A]G	0.00017703	0.00005230	0.00175070	0.00184963	0.00461981	0.00042596	0.00026399	0.00004760	0.00005820	0.00243160	0.00106022	0.00292039	0.00006140
A[C>A]T	0.00128023	0.00009780	0.01220488	0.00660868	0.04699810	0.00304975	0.00034798	0.00006180	0.00045597	0.02141407	0.00185038	0.01480197	0.00133012
A[C>G]A	0.00186033	0.00000000	0.01970788	0.01009798	0.00432982	0.00483960	0.00386983	0.00101013	0.00014599	0.00173114	0.03430714	0.01220162	0.00533049
A[C>G]C	0.00122022	0.00013300	0.01170468	0.00569886	0.00294988	0.00195984	0.00095096	0.00056907	0.00004340	0.00259170	0.01120233	0.00868115	0.00316029
A[C>G]G	0.00011502	0.00001520	0.00025310	0.00171966	0.00028599	0.00135989	0.00026399	0.00015202	0.00000000	0.00192126	0.00535111	0.00225030	0.00121011
A[C>G]T	0.00114020	0.00009120	0.01740696	0.01009798	0.00570977	0.00640947	0.00399982	0.00001960	0.00031898	0.00408268	0.01880391	0.01460194	0.00827076
A[C>T]A	0.02500444	0.00006110	0.01420568	0.03259348	0.00680972	0.00809933	0.00717968	0.00122015	0.00057096	0.00920605	0.00624130	0.01970262	0.00988091
A[C>T]C	0.00632112	0.00138004	0.01240496	0.01789642	0.00281989	0.00541955	0.00000000	0.00171022	0.00007030	0.00465306	0.00306064	0.01210161	0.00336031
A[C>T]G	0.36506483	0.00003270	0.00257103	0.00617876	0.00322987	0.00437964	0.00030299	0.00003950	0.00028698	0.01220802	0.00633132	0.00026704	0.00343031
A[C>T]T	0.00958170	0.00186005	0.01210484	0.02199560	0.01249949	0.00648946	0.00031799	0.00073709	0.00014699	0.00797524	0.00565117	0.01690225	0.00635058
A[T>A]A	0.00080014	0.00009590	0.00549220	0.00737852	0.01949921	0.01269895	0.00000000	0.00101013	0.00006260	0.00249164	0.00225047	0.00610081	0.00746068
A[T>A]C	0.00223040	0.00087803	0.00721288	0.00692861	0.02129914	0.00281977	0.00006520	0.00099713	0.00028898	0.00087858	0.00166034	0.00444059	0.00430039
A[T>A]G	0.00114020	0.00002550	0.00964386	0.00911818	0.02279908	0.00275977	0.00058997	0.00020002	0.00006570	0.00260171	0.00249052	0.00693092	0.00303028
A[T>A]T	0.00018303	0.00000000	0.00611245	0.00619876	0.02499899	0.01889843	0.00060597	0.00146018	0.00063296	0.00784515	0.00277058	0.01070142	0.06960638
A[T>C]A	0.00109019	0.00006170	0.01650660	0.04619076	0.00976961	0.02029832	0.00190992	0.00009650	0.00009730	0.00202133	0.07331525	0.01870249	0.01440132
A[T>C]C	0.00304054	0.00002150	0.00776311	0.01339732	0.00500980	0.01049913	0.00014199	0.01270160	0.00025198	0.00209137	0.03840799	0.00734098	0.00579053
A[T>C]G	0.00010602	0.00001320	0.01230492	0.03819236	0.00697972	0.01429881	0.00042798	0.00037605	0.00000000	0.00208137	0.01680350	0.01550206	0.00804074
A[T>C]T	0.00574102	0.00015500	0.01730692	0.03829234	0.01489940	0.02899759	0.00095896	0.00779099	0.00054396	0.00424279	0.04800999	0.01940258	0.01770162
A[T>G]A	0.00017203	0.00023801	0.00395158	0.00385923	0.00163993	0.04509626	0.00006140	0.00085111	0.00140990	0.00072147	0.02170452	0.00723096	0.00753069
A[T>G]C	0.00020704	0.00007460	0.00260104	0.00259948	0.00066797	0.00692943	0.00000000	0.00070009	0.00447969	0.00085856	0.01060220	0.00705094	0.00164015
A[T>G]G	0.00026805	0.00000205	0.00630252	0.00793841	0.00476981	0.00532956	0.00008250	0.00071909	0.00098993	0.00199131	0.01680350	0.00806107	0.00270025
A[T>G]T	0.00011202	0.00000376	0.00397159	0.00482903	0.00073997	0.02389802	0.00031999	0.01250158	0.06909525	0.00184121	0.02470514	0.01800239	0.00761070
C[C>A]A	0.00031205	0.00020801	0.02250900	0.00742851	0.04009838	0.00479960	0.00139994	0.00029504	0.00027098	0.07404865	0.00322067	0.02080277	0.00238022
C[C>A]C	0.00179032	0.00009530	0.02531012	0.00613877	0.03879843	0.00191984	0.00096796	0.00116015	0.00004110	0.01961289	0.00081417	0.01470196	0.00091908
C[C>A]G	0.00009320	0.00000000	0.00251100	0.00345931	0.00340986	0.00136989	0.00000433	0.00000000	0.00000000	0.01200789	0.00074715	0.00254034	0.00026102
C[C>A]T	0.00000000	0.00042101	0.01540616	0.00648870	0.03299867	0.00305975	0.00000000	0.00013702	0.00018199	0.03632387	0.00177037	0.01470196	0.00265024
C[C>G]A	0.00002410	0.00000000	0.01930772	0.00695861	0.00499980	0.00089293	0.00560975	0.00055307	0.00019399	0.00061340	0.00044209	0.00756101	0.00208019
C[C>G]C	0.00007680	0.00035101	0.01410564	0.00906819	0.00545978	0.00153987	0.00064797	0.00023503	0.00004660	0.00226149	0.00031307	0.00935124	0.00120011
C[C>G]G	0.00035206	0.00004870	0.00150060	0.00248950	0.00001050	0.00043696	0.00048798	0.00023203	0.00000000	0.00358235	0.00032107	0.00168022	0.00041104
C[C>G]T	0.00000000	0.00006360	0.02230892	0.00952809	0.00548978	0.00302975	0.00639972	0.00003900	0.00019299	0.00379249	0.00058112	0.01390185	0.00503046
C[C>T]A	0.00200036	0.00432013	0.01610644	0.01939612	0.00266989	0.00723940	0.00001930	0.00082110	0.00045697	0.01170769	0.00361075	0.01960261	0.00691063
C[C>T]C	0.00027005	0.00017001	0.02020808	0.01899620	0.00401984	0.00875927	0.00134994	0.00172022	0.00005890	0.00676444	0.00210044	0.01730230	0.00185017
C[C>T]G	0.19603481	0.00277008	0.00224090	0.01749650	0.00148994	0.00650946	0.00198991	0.00190024	0.00054296	0.01681105	0.00327068	0.00236031	0.01010093
C[C>T]T	0.00019604	0.00145004	0.02300920	0.02309538	0.01449941	0.01109908	0.00144994	0.00174022	0.00013599	0.00665437	0.00606126	0.02160287	0.00773071
C[T>A]A	0.00004300	0.00024301	0.00794318	0.00353929	0.01899923	0.00478960	0.00020899	0.00043405	0.00009360	0.00054236	0.00157033	0.00109014	0.00362033
C[T>A]C	0.00039307	0.00024401	0.01780712	0.00518896	0.02919882	0.00312974	0.00034198	0.04050512	0.00223985	0.00306201	0.00116024	0.00762101	0.00319029
C[T>A]G	0.00032406	0.00014900	0.01320528	0.00500900	0.02759889	0.00530956	0.00022599	0.01240157	0.00071695	0.00321211	0.00160033	0.00346046	0.00312029
C[T>A]T	0.00026005	0.00000000	0.01270508	0.00429914	0.04179831	0.00443963	0.00052298	0.07230914	0.00778946	0.00226149	0.00206043	0.00928123	0.00901083
C[T>C]A	0.00000000	0.00030201	0.00883353	0.01329734	0.00238990	0.01369886	0.00004740	0.01110140	0.00064696	0.00038625	0.05001040	0.01090145	0.01030094
C[T>C]C	0.00250044	0.00002850	0.01450580	0.01039792	0.00699972	0.01529873	0.00012200	0.17302186	0.00645956	0.00246162	0.02180453	0.00987131	0.00525048
C[T>C]G	0.00036006	0.00000000	0.01010404	0.02079584	0.00125995	0.01539872	0.00000000	0.08731103	0.00391973	0.00162107	0.00995207	0.01050140	0.00557051
C[T>C]T	0.00004260	0.00018600	0.01580632	0.01489702	0.00645974	0.03289727	0.00011200	0.42605383	0.01829874	0.00256168	0.05041048	0.01360181	0.00787072
C[T>G]A	0.00003550	0.00015300	0.00437175	0.00258948	0.00121995	0.02599784	0.00004140	0.00031004	0.00204986	0.00011107	0.00260054	0.00335045	0.00347032
C[T>G]C	0.00021204	0.00015500	0.00704282	0.00460908	0.00194992	0.00740939	0.00000282	0.00104013	0.03139784	0.00199131	0.00238049	0.00567075	0.00241022
C[T>G]G	0.00012802	0.00012100	0.01070428	0.00612877	0.00469981	0.01419882	0.00000000	0.00000194	0.01369906	0.00293193	0.00377078	0.00559074	0.00304028
C[T>G]T	0.00017103	0.00020301	0.00703281	0.00729854	0.00057398	0.05649531	0.00005550	0.00531067	0.54996223	0.00414272	0.00411086	0.01310174	0.01050096
G[C>A]A	0.00158028	0.00008620	0.00713285	0.01019796	0.02419902	0.00771936	0.00094896	0.00178023	0.00099793	0.10907166	0.00204042	0.01420189	0.00309028
G[C>A]C	0.00033906	0.00000000	0.01090436	0.00764847	0.02619894	0.00667945	0.00045098	0.00128016	0.00000278	0.01731137	0.00062913	0.01020136	0.00072307
G[C>A]G	0.00058710	0.00001390	0.00143057	0.00233953	0.00273989	0.00017099	0.00016399	0.00010601	0.00009240	0.00756497	0.00050610	0.00255034	0.00022002
G[C>A]T	0.00000000	0.00005120	0.01000400	0.00681864	0.02689891	0.00855929	0.00006150	0.00004700	0.00053396	0.06234096	0.00129027	0.01080144	0.00195018
G[C>G]A	0.00000959	0.00006540	0.01270508	0.00467906	0.00257990	0.00135989	0.00149993	0.00087811	0.00005990	0.00063542	0.00132028	0.00506067	0.00204019
G[C>G]C	0.00016403	0.00026101	0.00863345	0.00507898	0.00238990	0.00282977	0.00047898	0.00083511	0.00005550	0.00134088	0.00093819	0.00537071	0.00269025
G[C>G]G	0.00016603	0.00000000	0.00242097	0.00150970	0.00048798	0.00052096	0.00024099	0.00002370	0.00000000	0.00063942	0.00057712	0.00119016	0.00015601
G[C>G]T	0.00000000	0.00013400	0.01470588	0.00671866	0.00485980	0.00856929	0.00269988	0.00078710	0.00000000	0.00123081	0.00127026	0.00698093	0.00356033
G[C>T]A	0.00444079	0.00000000	0.01640656	0.01939612	0.00027599	0.00697942	0.00717968	0.00164021	0.00006110	0.00968636	0.00255053	0.01430190	0.00601055
G[C>T]C	0.00009280	0.00000013	0.01340536	0.02159568	0.00024499	0.00652946	0.00092096	0.00000000	0.00015699	0.00817537	0.00231048	0.01160154	0.00864079
G[C>T]G	0.21803872	0.00000000	0.00052821	0.01229754	0.00190992	0.00475961	0.00017799	0.00161020	0.00085494	0.01480973	0.00432090	0.00000000	0.01710157
G[C>T]T	0.00003840	0.00005040	0.01130452	0.01859628	0.00460981	0.01069911	0.00126994	0.00006600	0.00000000	0.00669440	0.00232048	0.01270169	0.00841077
G[T>A]A	0.00008120	0.00000000	0.00706283	0.00366927	0.01279948	0.00264978	0.00000670	0.00006460	0.00009730	0.00160105	0.00115024	0.00265035	0.00233021
G[T>A]C	0.00012902	0.00013100	0.00748299	0.00290942	0.01349946	0.00211982	0.00012999	0.00340043	0.00034698	0.00195128	0.00077416	0.00343046	0.00229021
G[T>A]G	0.00024604	0.00006380	0.01160464	0.00410918	0.01559937	0.00078794	0.00004700	0.00069509	0.00024098	0.00183120	0.00108022	0.00441059	0.00143013
G[T>A]T	0.00025805	0.00006280	0.01230492	0.00321936	0.02809887	0.00255979	0.00035798	0.00480061	0.00157989	0.00346227	0.00168035	0.00577077	0.00452041
G[T>C]A	0.00105019	0.00000000	0.00998399	0.01409718	0.00259990	0.00951921	0.00028699	0.00012302	0.00005950	0.00070847	0.03070639	0.00601080	0.00606055
G[T>C]C	0.00190034	0.00002740	0.00564226	0.00793841	0.00261989	0.00977919	0.00018199	0.01490188	0.00149990	0.00226149	0.01820379	0.00458061	0.00374034
G[T>C]G	0.00117021	0.00010700	0.01090436	0.01499700	0.00280989	0.00630948	0.00019499	0.00357045	0.00100993	0.00398262	0.00983204	0.00565075	0.00351032
G[T>C]T	0.00007130	0.00001250	0.01020408	0.01369726	0.00628975	0.00985918	0.00000000	0.00524066	0.00146990	0.00315207	0.04000832	0.00731097	0.00389036
G[T>G]A	0.00000000	0.00020901	0.00442177	0.00251950	0.00130995	0.00829931	0.00008770	0.00049506	0.00028098	0.00087057	0.01180245	0.00249033	0.00180017
G[T>G]C	0.00000000	0.00013300	0.00234094	0.00170966	0.00065597	0.00584951	0.00000000	0.00020403	0.00624957	0.00003700	0.00686143	0.00224030	0.00095009
G[T>G]G	0.00034806	0.00003710	0.01090436	0.00529894	0.00396984	0.00396967	0.00042598	0.00083511	0.00147990	0.00583383	0.00983204	0.00445059	0.00120011
G[T>G]T	0.00001460	0.00000000	0.00583233	0.00234953	0.00128995	0.01939839	0.00000289	0.00724091	0.11399217	0.00214141	0.01710356	0.00548073	0.00347032
T[C>A]A	0.00006580	0.00063902	0.00841337	0.00785843	0.02979880	0.01699859	0.07899652	0.00019002	0.00001240	0.07384852	0.00200042	0.02600346	0.00331030
T[C>A]C	0.00253045	0.00017001	0.01680672	0.00916817	0.02509899	0.00245980	0.02939870	0.00002590	0.00000000	0.04362866	0.00159033	0.02100279	0.00172016
T[C>A]G	0.00000000	0.00008530	0.00141056	0.00229954	0.00189992	0.00044496	0.01209947	0.00000000	0.00009510	0.01270835	0.00112023	0.00317042	0.00020702
T[C>A]T	0.00000588	0.00044001	0.00997399	0.01269746	0.03189871	0.02729773	0.03549844	0.00028804	0.00256982	0.12208021	0.00244051	0.02410321	0.00590054
T[C>G]A	0.00000000	0.00000000	0.01330532	0.00780844	0.00146994	0.00268978	0.31698603	0.00375047	0.00015999	0.00214141	0.00179037	0.01250166	0.01990182
T[C>G]C	0.00020304	0.00009870	0.02030812	0.00759848	0.00133995	0.00199983	0.06349720	0.00072309	0.00006180	0.00464305	0.00111023	0.01410188	0.01420130
T[C>G]G	0.00006940	0.00004120	0.00052021	0.00170966	0.00007820	0.00040397	0.01379939	0.00038005	0.00001550	0.00089959	0.00086018	0.00174023	0.00193018
T[C>G]T	0.00156028	0.00118003	0.02350940	0.01249750	0.00024899	0.00562953	0.36898374	0.00028304	0.00149990	0.00318209	0.00255053	0.02370315	0.04460409
T[C>T]A	0.00111020	0.53601551	0.00576230	0.02029594	0.00503980	0.00426965	0.00692969	0.00053207	0.00010799	0.01140750	0.00402084	0.03000399	0.01170107
T[C>T]C	0.00003730	0.09730282	0.01330532	0.02299540	0.00025199	0.00732939	0.00447980	0.00009060	0.00060396	0.01140750	0.00250052	0.02310307	0.00647059
T[C>T]G	0.11001954	0.04420128	0.00098940	0.01589682	0.00004170	0.00325973	0.00118995	0.00017702	0.00006240	0.01180776	0.00343071	0.00212028	0.00492045
T[C>T]T	0.00000000	0.30000868	0.00817327	0.02099580	0.00526979	0.00545955	0.00141994	0.00034804	0.00089494	0.00375246	0.00584122	0.02240298	0.01150105
T[T>A]A	0.00672119	0.00042201	0.00651261	0.00630874	0.01149953	0.02599784	0.00029599	0.00011901	0.00118992	0.01080710	0.00245051	0.00713095	0.08060739
T[T>A]C	0.00000000	0.00019201	0.01050420	0.00413917	0.01949921	0.00184985	0.00023199	0.00570072	0.00024198	0.00273179	0.00113024	0.01030137	0.01430131
T[T>A]G	0.00002800	0.00005010	0.00671269	0.00478904	0.01289948	0.01669861	0.00018799	0.00183023	0.00000000	0.00179118	0.00128027	0.00502067	0.00929085
T[T>A]T	0.00225040	0.00020501	0.01300520	0.00874825	0.03789847	0.01699859	0.00006200	0.00198025	0.00130991	0.00710467	0.00195041	0.02100279	0.05350490
T[T>C]A	0.00025505	0.00000000	0.01520608	0.01799640	0.00207992	0.01399884	0.00002210	0.00209026	0.00105993	0.00180118	0.04770992	0.01020136	0.06360583
T[T>C]C	0.00339060	0.00004350	0.00899360	0.00970806	0.00263989	0.01359887	0.00002490	0.01530193	0.00109993	0.00618406	0.04510938	0.00755100	0.02680245
T[T>C]G	0.00041607	0.00011700	0.00693277	0.01269746	0.00000000	0.00930923	0.00009980	0.00235030	0.00120992	0.00326214	0.01000208	0.00601080	0.02050188
T[T>C]T	0.00433077	0.00003580	0.01390556	0.01849630	0.00456981	0.03839681	0.00053098	0.02100265	0.00099993	0.00337222	0.06141277	0.01020136	0.04610422
T[T>G]A	0.00000000	0.00001670	0.00725290	0.00521896	0.00000000	0.06569455	0.00018399	0.00000000	0.00001220	0.00069646	0.01830381	0.00846113	0.04190384
T[T>G]C	0.00005510	0.00007040	0.00628251	0.00655869	0.00113995	0.00861929	0.00000000	0.00011602	0.00874940	0.00210138	0.01950406	0.01140152	0.01550142
T[T>G]G	0.00058310	0.00009540	0.00805322	0.00693861	0.00308988	0.01089909	0.00003670	0.00092012	0.00477967	0.00145095	0.03020628	0.00866115	0.01940178
T[T>G]T	0.00000000	0.00000000	0.01050420	0.01349730	0.00099596	0.06389470	0.00001890	0.00458058	0.12199162	0.00516339	0.02910605	0.02500333	0.08790805
