MutationType	SBS1	SBS2	SBS5	SBS13	SBS22	SBS29	SBS40	SBS41
A[C>A]A	0.00088616	0.00000058	0.01199760	0.00181992	0.00601276	0.06320926	0.02820375	0.00211019
A[C>A]C	0.00228040	0.00014800	0.00943811	0.00072097	0.00009544	0.05120750	0.01340178	0.00122011
A[C>A]G	0.00017703	0.00005230	0.00184963	0.00026399	0.00076535	0.01920281	0.00292039	0.00006141
A[C>A]T	0.00128023	0.00009780	0.00660868	0.00034798	0.00172079	0.03560522	0.01480197	0.00133012
A[C>G]A	0.00186033	0.00000000	0.01009798	0.00386983	0.00166076	0.00314046	0.01220162	0.00533049
A[C>G]C	0.00122022	0.00013300	0.00569886	0.00095096	0.00019509	0.00263039	0.00868115	0.00316029
A[C>G]G	0.00011502	0.00001520	0.00171966	0.00026399	0.00023111	0.00089613	0.00225030	0.00121011
A[C>G]T	0.00114020	0.00009120	0.01009798	0.00399982	0.00006203	0.00249036	0.01460194	0.00827076
A[C>T]A	0.02500444	0.00006110	0.03259348	0.00717968	0.00176081	0.00509075	0.01970262	0.00988091
A[C>T]C	0.00632112	0.00138004	0.01789642	0.00000000	0.00022010	0.00431063	0.01210161	0.00336031
A[C>T]G	0.36506477	0.00003270	0.00617876	0.00030299	0.00136063	0.02010295	0.00026704	0.00343031
A[C>T]T	0.00958170	0.00186005	0.02199560	0.00031799	0.00061628	0.00183027	0.01690225	0.00635058
A[T>A]A	0.00080014	0.00009590	0.00737852	0.00000000	0.06392938	0.00061909	0.00610081	0.00746068
A[T>A]C	0.00223040	0.00087803	0.00692861	0.00006520	0.00701322	0.00200029	0.00444059	0.00430039
A[T>A]G	0.00114020	0.00002550	0.00911818	0.00058997	0.06062786	0.00248036	0.00693092	0.00303028
A[T>A]T	0.00018303	0.00000000	0.00619876	0.00060597	0.00251115	0.00196029	0.01070142	0.06960638
A[T>C]A	0.00109019	0.00006170	0.04619076	0.00190992	0.02501150	0.00196029	0.01870249	0.01440132
A[T>C]C	0.00304054	0.00002150	0.01339732	0.00014199	0.00089941	0.00229034	0.00734098	0.00579053
A[T>C]G	0.00010602	0.00001320	0.03819236	0.00042798	0.00775356	0.00275040	0.01550206	0.00804074
A[T>C]T	0.00574102	0.00015500	0.03829234	0.00095896	0.00075535	0.00115017	0.01940258	0.01770162
A[T>G]A	0.00017203	0.00023801	0.00385923	0.00006140	0.00233107	0.00040706	0.00723096	0.00753069
A[T>G]C	0.00020704	0.00007460	0.00259948	0.00000000	0.00005092	0.00081712	0.00705094	0.00164015
A[T>G]G	0.00026805	0.00000205	0.00793841	0.00008250	0.00295136	0.00042006	0.00806107	0.00270025
A[T>G]T	0.00011202	0.00000376	0.00482903	0.00031999	0.00004182	0.00081012	0.01800239	0.00761070
C[C>A]A	0.00031206	0.00020801	0.00742851	0.00139994	0.00183084	0.05420794	0.02080277	0.00238022
C[C>A]C	0.00179032	0.00009530	0.00613877	0.00096796	0.00443204	0.03690541	0.01470196	0.00091908
C[C>A]G	0.00009322	0.00000000	0.00345931	0.00000433	0.00013606	0.01480217	0.00254034	0.00026102
C[C>A]T	0.00000000	0.00042101	0.00648870	0.00000000	0.00011005	0.05190761	0.01470196	0.00265024
C[C>G]A	0.00002410	0.00000000	0.00695861	0.00560975	0.00105048	0.00329048	0.00756101	0.00208019
C[C>G]C	0.00007681	0.00035101	0.00906819	0.00064797	0.00078536	0.00634093	0.00935124	0.00120011
C[C>G]G	0.00035206	0.00004870	0.00248950	0.00048798	0.00023911	0.00130019	0.00168022	0.00041104
C[C>G]T	0.00000000	0.00006360	0.00952809	0.00639972	0.00032015	0.00669098	0.01390185	0.00503046
C[C>T]A	0.00200035	0.00432012	0.01939612	0.00001930	0.00121056	0.00761112	0.01960261	0.00691063
C[C>T]C	0.00027005	0.00017000	0.01899620	0.00134994	0.00319147	0.00164024	0.01730230	0.00185017
C[C>T]G	0.19603478	0.00277008	0.01749650	0.00198991	0.00042620	0.01530224	0.00236031	0.01010093
C[C>T]T	0.00019603	0.00145004	0.02309538	0.00144994	0.00160074	0.00067310	0.02160287	0.00773071
C[T>A]A	0.00004301	0.00024301	0.00353929	0.00020899	0.12805886	0.00195029	0.00109014	0.00362033
C[T>A]C	0.00039307	0.00024401	0.00518896	0.00034198	0.05512534	0.00141021	0.00762101	0.00319029
C[T>A]G	0.00032406	0.00014900	0.00500900	0.00022599	0.16807725	0.00198029	0.00346046	0.00312029
C[T>A]T	0.00026005	0.00000000	0.00429914	0.00052298	0.06032773	0.00198029	0.00928123	0.00901083
C[T>C]A	0.00000000	0.00030201	0.01329734	0.00004740	0.00674310	0.00118017	0.01090145	0.01030094
C[T>C]C	0.00250044	0.00002850	0.01039792	0.00012199	0.00134062	0.00184027	0.00987131	0.00525048
C[T>C]G	0.00036006	0.00000000	0.02079584	0.00000000	0.00203093	0.00391057	0.01050140	0.00557051
C[T>C]T	0.00004261	0.00018601	0.01489702	0.00011200	0.00053625	0.00178026	0.01360181	0.00787072
C[T>G]A	0.00003551	0.00015300	0.00258948	0.00004140	0.00491226	0.00078111	0.00335045	0.00347032
C[T>G]C	0.00021204	0.00015500	0.00460908	0.00000282	0.00088040	0.00000569	0.00567075	0.00241022
C[T>G]G	0.00012802	0.00012100	0.00612877	0.00000000	0.00803369	0.00033205	0.00559074	0.00304028
C[T>G]T	0.00017103	0.00020301	0.00729854	0.00005550	0.00119055	0.00076711	0.01310174	0.01050096
G[C>A]A	0.00158028	0.00008620	0.01019796	0.00094896	0.00223103	0.09711423	0.01420189	0.00309028
G[C>A]C	0.00033906	0.00000000	0.00764847	0.00045098	0.00173080	0.09031323	0.01020136	0.00072307
G[C>A]G	0.00058710	0.00001390	0.00233953	0.00016399	0.00051524	0.02300337	0.00255034	0.00022002
G[C>A]T	0.00000000	0.00005120	0.00681864	0.00006150	0.00055125	0.08461240	0.01080144	0.00195018
G[C>G]A	0.00000959	0.00006540	0.00467906	0.00149993	0.00140064	0.00227033	0.00506067	0.00204019
G[C>G]C	0.00016403	0.00026101	0.00507898	0.00047898	0.00093043	0.00164024	0.00537071	0.00269025
G[C>G]G	0.00016603	0.00000000	0.00150970	0.00024099	0.00021110	0.00000688	0.00119016	0.00015601
G[C>G]T	0.00000000	0.00013400	0.00671866	0.00269988	0.00045521	0.00321047	0.00698093	0.00356033
G[C>T]A	0.00444079	0.00000000	0.01939612	0.00717968	0.00238109	0.01040152	0.01430190	0.00601055
G[C>T]C	0.00009282	0.00000013	0.02159568	0.00092096	0.00187086	0.00796117	0.01160154	0.00864079
G[C>T]G	0.21803869	0.00000000	0.01229754	0.00017799	0.00000000	0.01830268	0.00000000	0.01710157
G[C>T]T	0.00003841	0.00005040	0.01859628	0.00126994	0.00176081	0.00512075	0.01270169	0.00841077
G[T>A]A	0.00008121	0.00000000	0.00366927	0.00000670	0.05372469	0.00343050	0.00265035	0.00233021
G[T>A]C	0.00012902	0.00013100	0.00290942	0.00012999	0.01020469	0.00078912	0.00343046	0.00229021
G[T>A]G	0.00024604	0.00006380	0.00410918	0.00004700	0.03751724	0.00366054	0.00441059	0.00143013
G[T>A]T	0.00025805	0.00006280	0.00321936	0.00035798	0.00932429	0.00107016	0.00577077	0.00452041
G[T>C]A	0.00105019	0.00000000	0.01409718	0.00028699	0.00072133	0.00108016	0.00601080	0.00606056
G[T>C]C	0.00190034	0.00002740	0.00793841	0.00018199	0.00124057	0.00359053	0.00458061	0.00374034
G[T>C]G	0.00117021	0.00010700	0.01499700	0.00019499	0.00058127	0.00299044	0.00565075	0.00351032
G[T>C]T	0.00007131	0.00001250	0.01369726	0.00000000	0.00083438	0.00155023	0.00731097	0.00389036
G[T>G]A	0.00000000	0.00020901	0.00251950	0.00008770	0.00159073	0.00004491	0.00249033	0.00180016
G[T>G]C	0.00000000	0.00013300	0.00170966	0.00000000	0.00023611	0.00009171	0.00224030	0.00095009
G[T>G]G	0.00034806	0.00003710	0.00529894	0.00042598	0.00045021	0.00077011	0.00445059	0.00120011
G[T>G]T	0.00001460	0.00000000	0.00234953	0.00000289	0.00001961	0.00115017	0.00548073	0.00347032
T[C>A]A	0.00006581	0.00063902	0.00785843	0.07899652	0.00078436	0.04520662	0.02600346	0.00331030
T[C>A]C	0.00253045	0.00017000	0.00916817	0.02939871	0.00174080	0.04110602	0.02100279	0.00172016
T[C>A]G	0.00000000	0.00008530	0.00229954	0.01209947	0.00000000	0.01740255	0.00317042	0.00020702
T[C>A]T	0.00000588	0.00044001	0.01269746	0.03549844	0.00039618	0.04110602	0.02410321	0.00590054
T[C>G]A	0.00000000	0.00000000	0.00780844	0.31698604	0.00356164	0.00010702	0.01250166	0.01990182
T[C>G]C	0.00020304	0.00009870	0.00759848	0.06349720	0.00152070	0.00683100	0.01410188	0.01420130
T[C>G]G	0.00006941	0.00004120	0.00170966	0.01379939	0.00038118	0.00089713	0.00174023	0.00193018
T[C>G]T	0.00156028	0.00118003	0.01249750	0.36898375	0.00038818	0.00033605	0.02370315	0.04460409
T[C>T]A	0.00111020	0.53601548	0.02029594	0.00692969	0.00159073	0.00639094	0.03000399	0.01170107
T[C>T]C	0.00003731	0.09730281	0.02299540	0.00447980	0.00132061	0.00000000	0.02310307	0.00647059
T[C>T]G	0.11001952	0.04420128	0.01589682	0.00118995	0.00003772	0.01440211	0.00212028	0.00492045
T[C>T]T	0.00000000	0.30000866	0.02099580	0.00141994	0.00000000	0.00428063	0.02240298	0.01150105
T[T>A]A	0.00672119	0.00042201	0.00630874	0.00029599	0.07183301	0.00076411	0.00713095	0.08060738
T[T>A]C	0.00000000	0.00019201	0.00413917	0.00023199	0.02361085	0.00193028	0.01030137	0.01430131
T[T>A]G	0.00002800	0.00005010	0.00478904	0.00018799	0.07323366	0.00092414	0.00502067	0.00929085
T[T>A]T	0.00225040	0.00020501	0.00874825	0.00006200	0.03011384	0.00120018	0.02100279	0.05350490
T[T>C]A	0.00025505	0.00000000	0.01799640	0.00002210	0.00463213	0.00259038	0.01020136	0.06360583
T[T>C]C	0.00339060	0.00004350	0.00970806	0.00002490	0.00000000	0.00150022	0.00755100	0.02680246
T[T>C]G	0.00041607	0.00011700	0.01269746	0.00009980	0.00122056	0.00037906	0.00601080	0.02050188
T[T>C]T	0.00433077	0.00003580	0.01849630	0.00053098	0.00000000	0.00082212	0.01020136	0.04610422
T[T>G]A	0.00000000	0.00001670	0.00521896	0.00018399	0.00506233	0.00046707	0.00846113	0.04190384
T[T>G]C	0.00005511	0.00007040	0.00655869	0.00000000	0.00075235	0.00009931	0.01140152	0.01550142
T[T>G]G	0.00058310	0.00009540	0.00693861	0.00003670	0.00557256	0.00018003	0.00866115	0.01940178
T[T>G]T	0.00000000	0.00000000	0.01349730	0.00001890	0.00059527	0.00092814	0.02500333	0.08790805
