MutationType	SBS1	SBS2	SBS3	SBS5	SBS13	SBS15	SBS17a	SBS17b	SBS18	SBS20	SBS21	SBS26	SBS28	SBS40	SBS41	SBS44
A[C>A]A	0.00088616	0.00000058	0.02080832	0.01199760	0.00181992	0.00094420	0.00207026	0.00060796	0.05153386	0.00061928	0.00015699	0.00087312	0.00078390	0.02820375	0.00211019	0.00000000
A[C>A]C	0.00228041	0.00014800	0.01650660	0.00943811	0.00072097	0.00049711	0.00091812	0.00012899	0.01581039	0.00139064	0.00235989	0.00052807	0.00252969	0.01340178	0.00122011	0.00015004
A[C>A]G	0.00017703	0.00005230	0.00175070	0.00184963	0.00026399	0.00004610	0.00004760	0.00005820	0.00243160	0.00002180	0.00029399	0.00011401	0.00035296	0.00292039	0.00006140	0.00000092
A[C>A]T	0.00128023	0.00009780	0.01220488	0.00660868	0.00034798	0.00111024	0.00006180	0.00045597	0.02141407	0.00124057	0.00062097	0.00061908	0.00396952	0.01480197	0.00133012	0.00578147
A[C>G]A	0.00186033	0.00000000	0.01970788	0.01009798	0.00386983	0.00011302	0.00101013	0.00014599	0.00173114	0.00877402	0.00001690	0.00042706	0.00015398	0.01220162	0.00533049	0.00318081
A[C>G]C	0.00122022	0.00013300	0.01170468	0.00569886	0.00095096	0.00026906	0.00056907	0.00004340	0.00259170	0.00151069	0.00071897	0.00037805	0.00022397	0.00868115	0.00316029	0.00023306
A[C>G]G	0.00011502	0.00001520	0.00025310	0.00171966	0.00026399	0.00003070	0.00015202	0.00000000	0.00192126	0.00046921	0.00000000	0.00006830	0.00000000	0.00225030	0.00121011	0.00003140
A[C>G]T	0.00114020	0.00009120	0.01740696	0.01009798	0.00399982	0.00032507	0.00001960	0.00031898	0.00408268	0.00442202	0.00006190	0.00072810	0.00008330	0.01460194	0.00827076	0.00329083
A[C>T]A	0.02500444	0.00006110	0.01420568	0.03259348	0.00717968	0.00505108	0.00122015	0.00057096	0.00920605	0.04932258	0.00216990	0.00266036	0.00077691	0.01970262	0.00988091	0.08992278
A[C>T]C	0.00632112	0.00138004	0.01240496	0.01789642	0.00000000	0.00691148	0.00171022	0.00007030	0.00465306	0.01300595	0.00391982	0.00254034	0.00337959	0.01210161	0.00336031	0.01690428
A[C>T]G	0.36506483	0.00003270	0.00257103	0.00617876	0.00030299	0.07451597	0.00003950	0.00028698	0.01220802	0.01330609	0.00739965	0.00533072	0.00704915	0.00026704	0.00343031	0.01430362
A[C>T]T	0.00958170	0.00186005	0.01210484	0.02199560	0.00031799	0.00178038	0.00073709	0.00014699	0.00797524	0.01300595	0.00004170	0.00279038	0.00505939	0.01690225	0.00635058	0.03030768
A[T>A]A	0.00080014	0.00009590	0.00549220	0.00737852	0.00000000	0.00204044	0.00101013	0.00006260	0.00249164	0.00051123	0.00345984	0.00152020	0.00017198	0.00610081	0.00746068	0.00478121
A[T>A]C	0.00223040	0.00087803	0.00721288	0.00692861	0.00006520	0.00084118	0.00099713	0.00028898	0.00087858	0.00519238	0.00564974	0.00352048	0.00047794	0.00444059	0.00430039	0.00260066
A[T>A]G	0.00114020	0.00002550	0.00964386	0.00911818	0.00058997	0.00054012	0.00020002	0.00006570	0.00260171	0.00030314	0.00024799	0.00062508	0.00015198	0.00693092	0.00303028	0.00000108
A[T>A]T	0.00018303	0.00000000	0.00611245	0.00619876	0.00060597	0.00954204	0.00146018	0.00063296	0.00784515	0.02561173	0.00159993	0.00307041	0.00169979	0.01070142	0.06960638	0.03080781
A[T>C]A	0.00109019	0.00006170	0.01650660	0.04619076	0.00190992	0.00389083	0.00009650	0.00009730	0.00202133	0.01070490	0.01669921	0.08481146	0.00054893	0.01870249	0.01440132	0.01930489
A[T>C]C	0.00304054	0.00002150	0.00776311	0.01339732	0.00014199	0.00196042	0.01270160	0.00025198	0.00209137	0.00455208	0.00999953	0.02610353	0.00044095	0.00734098	0.00579053	0.00324082
A[T>C]G	0.00010602	0.00001320	0.01230492	0.03819236	0.00042798	0.00024005	0.00037605	0.00000000	0.00208137	0.01860852	0.00387982	0.07851061	0.00040495	0.01550206	0.00804074	0.02720689
A[T>C]T	0.00574102	0.00015500	0.01730692	0.03829234	0.00095896	0.00092920	0.00779099	0.00054396	0.00424279	0.00010305	0.02559880	0.03720503	0.00059493	0.01940258	0.01770162	0.00026707
A[T>G]A	0.00017203	0.00023801	0.00395158	0.00385923	0.00006140	0.00046810	0.00085111	0.00140990	0.00072147	0.00001050	0.00039198	0.00292040	0.00986881	0.00723096	0.00753069	0.00000002
A[T>G]C	0.00020704	0.00007460	0.00260104	0.00259948	0.00000000	0.00041509	0.00070009	0.00447969	0.00085856	0.00002130	0.00043698	0.00253034	0.01729791	0.00705094	0.00164015	0.00003260
A[T>G]G	0.00026805	0.00000205	0.00630252	0.00793841	0.00008250	0.00018504	0.00071909	0.00098993	0.00199131	0.00002690	0.00018699	0.00229031	0.00767907	0.00806107	0.00270025	0.00000747
A[T>G]T	0.00011202	0.00000376	0.00397159	0.00482903	0.00031999	0.00363078	0.01250158	0.06909525	0.00184121	0.00005820	0.00006950	0.00593080	0.11498608	0.01800239	0.00761070	0.00142036
C[C>A]A	0.00031205	0.00020801	0.02250900	0.00742851	0.00139994	0.04180896	0.00029504	0.00027098	0.07404865	0.03761722	0.00000000	0.00141019	0.00202975	0.02080277	0.00238022	0.00002840
C[C>A]C	0.00179032	0.00009530	0.02531012	0.00613877	0.00096796	0.00505108	0.00116015	0.00004110	0.01961289	0.09894530	0.00259988	0.00151020	0.00010899	0.01470196	0.00091908	0.03030768
C[C>A]G	0.00009320	0.00000000	0.00251100	0.00345931	0.00000433	0.00006620	0.00000000	0.00000000	0.01200789	0.00743340	0.00197991	0.00036205	0.00000000	0.00254034	0.00026102	0.00374095
C[C>A]T	0.00000000	0.00042101	0.01540616	0.00648870	0.00000000	0.02870615	0.00013702	0.00018199	0.03632387	0.25211543	0.01909910	0.00714096	0.00020297	0.01470196	0.00265024	0.08672197
C[C>G]A	0.00002410	0.00000000	0.01930772	0.00695861	0.00560975	0.00008360	0.00055307	0.00019399	0.00061340	0.00007690	0.00001970	0.00036405	0.00001440	0.00756101	0.00208019	0.00005360
C[C>G]C	0.00007680	0.00035101	0.01410564	0.00906819	0.00064797	0.00001700	0.00023503	0.00004660	0.00226149	0.00000438	0.00027299	0.00032204	0.00007550	0.00935124	0.00120011	0.00002490
C[C>G]G	0.00035206	0.00004870	0.00150060	0.00248950	0.00048798	0.00005020	0.00023203	0.00000000	0.00358235	0.00018809	0.00001010	0.00004170	0.00000000	0.00168022	0.00041104	0.00000000
C[C>G]T	0.00000000	0.00006360	0.02230892	0.00952809	0.00639972	0.00008450	0.00003900	0.00019299	0.00379249	0.00001010	0.00017299	0.00062508	0.00000000	0.01390185	0.00503046	0.00008640
C[C>T]A	0.00200036	0.00432013	0.01610644	0.01939612	0.00001930	0.01080231	0.00082110	0.00045697	0.01170769	0.01060485	0.00134994	0.00169023	0.00029196	0.01960261	0.00691063	0.00357090
C[C>T]C	0.00027005	0.00017001	0.02020808	0.01899620	0.00134994	0.01110238	0.00172022	0.00005890	0.00676444	0.01300595	0.00515976	0.00283038	0.00020997	0.01730230	0.00185017	0.00286073
C[C>T]G	0.19603481	0.00277008	0.00224090	0.01749650	0.00198991	0.02480532	0.00190024	0.00054296	0.01681105	0.01650756	0.00621971	0.00334045	0.00254969	0.00236031	0.01010093	0.01550393
C[C>T]T	0.00019604	0.00145004	0.02300920	0.02309538	0.00144994	0.01560334	0.00174022	0.00013599	0.00665437	0.01170536	0.00032499	0.00165022	0.00331960	0.02160287	0.00773071	0.00504128
C[T>A]A	0.00004300	0.00024301	0.00794318	0.00353929	0.00020899	0.00034807	0.00043405	0.00009360	0.00054236	0.00014407	0.00000619	0.00094413	0.00013998	0.00109014	0.00362033	0.00001240
C[T>A]C	0.00039307	0.00024401	0.01780712	0.00518896	0.00034198	0.00024405	0.04050512	0.00223985	0.00306201	0.00648297	0.00068797	0.00145020	0.00134984	0.00762101	0.00319029	0.00325082
C[T>A]G	0.00032406	0.00014900	0.01320528	0.00500900	0.00022599	0.00008200	0.01240157	0.00071695	0.00321211	0.00012306	0.00012499	0.00114015	0.00080590	0.00346046	0.00312029	0.00058215
C[T>A]T	0.00026005	0.00000000	0.01270508	0.00429914	0.00052298	0.00105022	0.07230914	0.00778946	0.00226149	0.00010205	0.00000000	0.00064209	0.00102987	0.00928123	0.00901083	0.00001380
C[T>C]A	0.00000000	0.00030201	0.00883353	0.01329734	0.00004740	0.00075016	0.01110140	0.00064696	0.00038625	0.01170536	0.01149946	0.05200703	0.00131984	0.01090145	0.01030094	0.01460370
C[T>C]C	0.00250044	0.00002850	0.01450580	0.01039792	0.00012200	0.00215046	0.17302186	0.00645956	0.00246162	0.00483221	0.00281987	0.03120422	0.00261968	0.00987131	0.00525048	0.00320081
C[T>C]G	0.00036006	0.00000000	0.01010404	0.02079584	0.00000000	0.00139030	0.08731103	0.00391973	0.00162107	0.02611195	0.01439932	0.07871064	0.00248970	0.01050140	0.00557051	0.03380857
C[T>C]T	0.00004260	0.00018600	0.01580632	0.01489702	0.00011200	0.00175037	0.42605383	0.01829874	0.00256168	0.00690316	0.02169898	0.05550750	0.00036696	0.01360181	0.00787072	0.00771195
C[T>G]A	0.00003550	0.00015300	0.00437175	0.00258948	0.00004140	0.00020604	0.00031004	0.00204986	0.00011107	0.00096344	0.00000435	0.00142019	0.01459823	0.00335045	0.00347032	0.00023406
C[T>G]C	0.00021204	0.00015500	0.00704282	0.00460908	0.00000282	0.00015703	0.00104013	0.03139784	0.00199131	0.00160073	0.00005440	0.00494067	0.02209733	0.00567075	0.00241022	0.00253064
C[T>G]G	0.00012802	0.00012100	0.01070428	0.00612877	0.00000000	0.00027206	0.00000194	0.01369906	0.00293193	0.00271124	0.00002010	0.00556075	0.01549812	0.00559074	0.00304028	0.00347088
C[T>G]T	0.00017103	0.00020301	0.00703281	0.00729854	0.00005550	0.00249053	0.00531067	0.54996223	0.00414272	0.00511234	0.00018499	0.00780105	0.10098778	0.01310174	0.01050096	0.00038410
G[C>A]A	0.00158028	0.00008620	0.00713285	0.01019796	0.00094896	0.00229049	0.00178023	0.00099793	0.10907166	0.01080495	0.00213990	0.00049607	0.00015598	0.01420189	0.00309028	0.00000000
G[C>A]C	0.00033906	0.00000000	0.01090436	0.00764847	0.00045098	0.00249053	0.00128016	0.00000278	0.01731137	0.00565259	0.00706967	0.00066609	0.00101988	0.01020136	0.00072307	0.00467118
G[C>A]G	0.00058710	0.00001390	0.00143057	0.00233953	0.00016399	0.00040409	0.00010601	0.00009240	0.00756497	0.00157072	0.00168992	0.00012902	0.00003950	0.00255034	0.00022002	0.00060515
G[C>A]T	0.00000000	0.00005120	0.01000400	0.00681864	0.00006150	0.01820390	0.00004700	0.00053396	0.06234096	0.00249114	0.00889958	0.00081711	0.00015798	0.01080144	0.00195018	0.01130286
G[C>G]A	0.00000959	0.00006540	0.01270508	0.00467906	0.00149993	0.00099421	0.00087811	0.00005990	0.00063542	0.00066931	0.00038798	0.00039505	0.00018298	0.00506067	0.00204019	0.00021906
G[C>G]C	0.00016403	0.00026101	0.00863345	0.00507898	0.00047898	0.00060813	0.00083511	0.00005550	0.00134088	0.00286131	0.00141993	0.00057908	0.00000000	0.00537071	0.00269025	0.00119030
G[C>G]G	0.00016603	0.00000000	0.00242097	0.00150970	0.00024099	0.00001010	0.00002370	0.00000000	0.00063942	0.00069232	0.00011700	0.00007380	0.00000000	0.00119016	0.00015601	0.00000000
G[C>G]T	0.00000000	0.00013400	0.01470588	0.00671866	0.00269988	0.00045110	0.00078710	0.00000000	0.00123081	0.00302138	0.00020699	0.00030504	0.00000000	0.00698093	0.00356033	0.00185047
G[C>T]A	0.00444079	0.00000000	0.01640656	0.01939612	0.00717968	0.07371579	0.00164021	0.00006110	0.00968636	0.04221933	0.00931956	0.00275037	0.00324961	0.01430190	0.00601055	0.09552420
G[C>T]C	0.00009280	0.00000013	0.01340536	0.02159568	0.00092096	0.12902764	0.00000000	0.00015699	0.00817537	0.05322437	0.01959908	0.00545074	0.00018798	0.01160154	0.00864079	0.08142063
G[C>T]G	0.21803872	0.00000000	0.00052821	0.01229754	0.00017799	0.27705936	0.00161020	0.00085494	0.01480973	0.02050939	0.00004340	0.00668090	0.00021497	0.00000000	0.01710157	0.04961257
G[C>T]T	0.00003840	0.00005040	0.01130452	0.01859628	0.00126994	0.07721654	0.00006600	0.00000000	0.00669440	0.03311516	0.00804962	0.00498067	0.00010199	0.01270169	0.00841077	0.06661688
G[T>A]A	0.00008120	0.00000000	0.00706283	0.00366927	0.00000670	0.00051111	0.00006460	0.00009730	0.00160105	0.00005560	0.00116994	0.00078311	0.00011599	0.00265035	0.00233021	0.00116029
G[T>A]C	0.00012902	0.00013100	0.00748299	0.00290942	0.00012999	0.00058913	0.00340043	0.00034698	0.00195128	0.00256117	0.00325985	0.00115015	0.00011799	0.00343046	0.00229021	0.00236060
G[T>A]G	0.00024604	0.00006380	0.01160464	0.00410918	0.00004700	0.00018704	0.00069509	0.00024098	0.00183120	0.00213097	0.00074197	0.00060808	0.00007170	0.00441059	0.00143013	0.00221056
G[T>A]T	0.00025805	0.00006280	0.01230492	0.00321936	0.00035798	0.00084018	0.00480061	0.00157989	0.00346227	0.00430197	0.00093696	0.00083411	0.00032396	0.00577077	0.00452041	0.00318081
G[T>C]A	0.00105019	0.00000000	0.00998399	0.01409718	0.00028699	0.01290276	0.00012302	0.00005950	0.00070847	0.00276127	0.22298952	0.08351129	0.00049094	0.00601080	0.00606055	0.02700684
G[T>C]C	0.00190034	0.00002740	0.00564226	0.00793841	0.00018199	0.01160249	0.01490188	0.00149990	0.00226149	0.00226104	0.06629688	0.02480335	0.00058693	0.00458061	0.00374034	0.00116029
G[T>C]G	0.00117021	0.00010700	0.01090436	0.01499700	0.00019499	0.00595127	0.00357045	0.00100993	0.00398262	0.00406186	0.11699450	0.07120962	0.00073091	0.00565075	0.00351032	0.01730438
G[T>C]T	0.00007130	0.00001250	0.01020408	0.01369726	0.00000000	0.00586126	0.00524066	0.00146990	0.00315207	0.00092842	0.13299375	0.05520746	0.00085090	0.00731097	0.00389036	0.01110281
G[T>G]A	0.00000000	0.00020901	0.00442177	0.00251950	0.00008770	0.00020304	0.00049506	0.00028098	0.00087057	0.00000000	0.00028599	0.00137018	0.00115986	0.00249033	0.00180017	0.00000000
G[T>G]C	0.00000000	0.00013300	0.00234094	0.00170966	0.00000000	0.00058012	0.00020403	0.00624957	0.00003700	0.00006650	0.00053297	0.00121016	0.00192977	0.00224030	0.00095009	0.00001830
G[T>G]G	0.00034806	0.00003710	0.01090436	0.00529894	0.00042598	0.00034707	0.00083511	0.00147990	0.00583383	0.00008700	0.00021299	0.00235032	0.00312962	0.00445059	0.00120011	0.00010303
G[T>G]T	0.00001460	0.00000000	0.00583233	0.00234953	0.00000289	0.00139030	0.00724091	0.11399217	0.00214141	0.00356163	0.00258988	0.00605082	0.02059751	0.00548073	0.00347032	0.00280071
T[C>A]A	0.00006580	0.00063902	0.00841337	0.00785843	0.07899652	0.01720368	0.00019002	0.00001240	0.07384852	0.00171078	0.00145993	0.00093813	0.01429827	0.02600346	0.00331030	0.00085322
T[C>A]C	0.00253045	0.00017001	0.01680672	0.00916817	0.02939870	0.00581124	0.00002590	0.00000000	0.04362866	0.00337154	0.00023599	0.00063008	0.00045194	0.02100279	0.00172016	0.00222056
T[C>A]G	0.00000000	0.00008530	0.00141056	0.00229954	0.01209947	0.00007690	0.00000000	0.00009510	0.01270835	0.00000000	0.00006830	0.00012302	0.00012898	0.00317042	0.00020702	0.00000032
T[C>A]T	0.00000588	0.00044001	0.00997399	0.01269746	0.03549844	0.00805172	0.00028804	0.00256982	0.12208021	0.00090441	0.00000000	0.00140019	0.00055693	0.02410321	0.00590054	0.01660421
T[C>G]A	0.00000000	0.00000000	0.01330532	0.00780844	0.31698603	0.00021405	0.00375047	0.00015999	0.00214141	0.00012906	0.00065397	0.00131018	0.00011499	0.01250166	0.01990182	0.00067317
T[C>G]C	0.00020304	0.00009870	0.02030812	0.00759848	0.06349720	0.00006120	0.00072309	0.00006180	0.00464305	0.00002820	0.00063097	0.00074510	0.00013598	0.01410188	0.01420130	0.00000940
T[C>G]G	0.00006940	0.00004120	0.00052021	0.00170966	0.01379939	0.00005840	0.00038005	0.00001550	0.00089959	0.00012406	0.00006270	0.00009410	0.00002460	0.00174023	0.00193018	0.00000000
T[C>G]T	0.00156028	0.00118003	0.02350940	0.01249750	0.36898374	0.00017404	0.00028304	0.00149990	0.00318209	0.00112051	0.00068697	0.00221030	0.00014298	0.02370315	0.04460409	0.00259066
T[C>T]A	0.00111020	0.53601551	0.00576230	0.02029594	0.00692969	0.02650568	0.00053207	0.00010799	0.01140750	0.00807370	0.00359983	0.00329044	0.00483941	0.03000399	0.01170107	0.00140036
T[C>T]C	0.00003730	0.09730282	0.01330532	0.02299540	0.00447980	0.00956205	0.00009060	0.00060396	0.01140750	0.00919421	0.00008070	0.00253034	0.00412950	0.02310307	0.00647059	0.00225057
T[C>T]G	0.11001954	0.04420128	0.00098940	0.01589682	0.00118995	0.02120454	0.00017702	0.00006240	0.01180776	0.00264121	0.00031698	0.00263036	0.00173979	0.00212028	0.00492045	0.00000000
T[C>T]T	0.00000000	0.30000868	0.00817327	0.02099580	0.00141994	0.00174037	0.00034804	0.00089494	0.00375246	0.00005000	0.00007310	0.00213029	0.00198976	0.02240298	0.01150105	0.00302076
T[T>A]A	0.00672119	0.00042201	0.00651261	0.00630874	0.00029599	0.00109023	0.00011901	0.00118992	0.01080710	0.01200550	0.00025699	0.00113015	0.00018798	0.00713095	0.08060739	0.00696176
T[T>A]C	0.00000000	0.00019201	0.01050420	0.00413917	0.00023199	0.00015703	0.00570072	0.00024198	0.00273179	0.00031815	0.00079496	0.00126017	0.00124985	0.01030137	0.01430131	0.00002070
T[T>A]G	0.00002800	0.00005010	0.00671269	0.00478904	0.00018799	0.00014903	0.00183023	0.00000000	0.00179118	0.00017608	0.00009850	0.00027804	0.00032096	0.00502067	0.00929085	0.00000502
T[T>A]T	0.00225040	0.00020501	0.01300520	0.00874825	0.00006200	0.00047510	0.00198025	0.00130991	0.00710467	0.00671307	0.00007640	0.00131018	0.00571931	0.02100279	0.05350490	0.01390352
T[T>C]A	0.00025505	0.00000000	0.01520608	0.01799640	0.00002210	0.00342073	0.00209026	0.00105993	0.00180118	0.01380632	0.08419604	0.04230572	0.00130984	0.01020136	0.06360583	0.01990504
T[T>C]C	0.00339060	0.00004350	0.00899360	0.00970806	0.00002490	0.00592127	0.01530193	0.00109993	0.00618406	0.01660760	0.05479743	0.03140424	0.00204975	0.00755100	0.02680245	0.01050266
T[T>C]G	0.00041607	0.00011700	0.00693277	0.01269746	0.00009980	0.00132028	0.00235030	0.00120992	0.00326214	0.01200550	0.02759870	0.03030409	0.00140983	0.00601080	0.02050188	0.01910484
T[T>C]T	0.00433077	0.00003580	0.01390556	0.01849630	0.00053098	0.00135029	0.02100265	0.00099993	0.00337222	0.01930884	0.04069809	0.05740776	0.00205975	0.01020136	0.04610422	0.03710940
T[T>G]A	0.00000000	0.00001670	0.00725290	0.00521896	0.00018399	0.00023105	0.00000000	0.00001220	0.00069646	0.00000000	0.00046498	0.00143019	0.04229488	0.00846113	0.04190384	0.00000000
T[T>G]C	0.00005510	0.00007040	0.00628251	0.00655869	0.00000000	0.00029406	0.00011602	0.00874940	0.00210138	0.00000000	0.00037898	0.00172023	0.03569568	0.01140152	0.01550142	0.00000000
T[T>G]G	0.00058310	0.00009540	0.00805322	0.00693861	0.00003670	0.00014803	0.00092012	0.00477967	0.00145095	0.00279128	0.00013099	0.00284038	0.01399831	0.00866115	0.01940178	0.00091723
T[T>G]T	0.00000000	0.00000000	0.01050420	0.01349730	0.00001890	0.00599128	0.00458058	0.12199162	0.00516339	0.00151069	0.00000000	0.00945128	0.47894203	0.02500333	0.08790805	0.00900228
