MutationType	SBS1	SBS4	SBS5	SBS9	SBS12	SBS16	SBS17a	SBS17b	SBS18	SBS19	SBS22	SBS24	SBS29	SBS30	SBS31	SBS35	SBS40
A[C>A]A	0.00088616	0.04219650	0.01199760	0.00055795	0.00452059	0.01599504	0.00207026	0.00060796	0.05153386	0.00126938	0.00601276	0.03641340	0.06320926	0.00179968	0.00953498	0.00882695	0.02820375
A[C>A]C	0.00228040	0.03329724	0.00943811	0.00408966	0.00113015	0.00289910	0.00091812	0.00012899	0.01581039	0.00064069	0.00009544	0.02650976	0.05120750	0.00050591	0.01849027	0.04618403	0.01340178
A[C>A]G	0.00017703	0.01559871	0.00184963	0.00042596	0.00054007	0.00101968	0.00004761	0.00005820	0.00243160	0.00024588	0.00076535	0.01480545	0.01920281	0.00009128	0.00165913	0.00138952	0.00292039
A[C>A]T	0.00128023	0.02949755	0.00660868	0.00304975	0.00122016	0.01059671	0.00006181	0.00045597	0.02141407	0.00057072	0.00172079	0.02200810	0.03560522	0.00055590	0.00627670	0.02159254	0.01480197
A[C>G]A	0.00186033	0.00688943	0.01009798	0.00483960	0.00122016	0.00173946	0.00101013	0.00014599	0.00173114	0.00318845	0.00166076	0.00334123	0.00314046	0.00106981	0.00831563	0.00357876	0.01220162
A[C>G]C	0.00122022	0.00283976	0.00569886	0.00195984	0.00064208	0.00200938	0.00056907	0.00004340	0.00259170	0.00178913	0.00019509	0.00367135	0.00263039	0.00046692	0.00315834	0.00454843	0.00868115
A[C>G]G	0.00011502	0.00127989	0.00171966	0.00135989	0.00007511	0.00084674	0.00015202	0.00000000	0.00192126	0.00061570	0.00023111	0.00092034	0.00089613	0.00013098	0.00299842	0.00034588	0.00225030
A[C>G]T	0.00114020	0.00354971	0.01009798	0.00640947	0.00144019	0.01149643	0.00001960	0.00031898	0.00408268	0.00213896	0.00006203	0.00285105	0.00249036	0.00073087	0.00377801	0.00947672	0.01460194
A[C>T]A	0.02500444	0.00869928	0.03259348	0.00809933	0.00551072	0.00175945	0.00122015	0.00057096	0.00920605	0.02798638	0.00176081	0.01180434	0.00509075	0.10598120	0.01769069	0.00220924	0.01970262
A[C>T]C	0.00632112	0.00417965	0.01789642	0.00541955	0.00212028	0.00372884	0.00171022	0.00007030	0.00465306	0.01409314	0.00022010	0.01120412	0.00431063	0.09038397	0.00927512	0.00398862	0.01210161
A[C>T]G	0.36506477	0.00078294	0.00617876	0.00437964	0.00011802	0.00326899	0.00003950	0.00028698	0.01220802	0.00154925	0.00136063	0.00051419	0.02010295	0.01439745	0.00758601	0.00057980	0.00026704
A[C>T]T	0.00958170	0.00424965	0.02199560	0.00648946	0.00238031	0.00599814	0.00073709	0.00014699	0.00797524	0.03678210	0.00061628	0.00915337	0.00183027	0.02929480	0.01009469	0.00089969	0.01690225
A[T>A]A	0.00080014	0.00941922	0.00737852	0.01269895	0.00517068	0.02309283	0.00101013	0.00006260	0.00249164	0.00078562	0.06392938	0.00158058	0.00061909	0.00036294	0.00785587	0.00488831	0.00610081
A[T>A]C	0.00223040	0.00352971	0.00692861	0.00281977	0.00271036	0.00773760	0.00099713	0.00028898	0.00087858	0.00025488	0.00701322	0.00225083	0.00200029	0.00039293	0.00606681	0.00735746	0.00444059
A[T>A]G	0.00114020	0.01239897	0.00911818	0.00275977	0.00312041	0.00880727	0.00020003	0.00006570	0.00260171	0.00095154	0.06062786	0.00200074	0.00248036	0.00063789	0.00502736	0.00132954	0.00693092
A[T>A]T	0.00018303	0.00420965	0.00619876	0.01889843	0.00282037	0.01099659	0.00146018	0.00063296	0.00784515	0.00065368	0.00251115	0.00180066	0.00196029	0.00048991	0.00415781	0.00736745	0.01070142
A[T>C]A	0.00109019	0.00794934	0.04619076	0.02029832	0.07360964	0.24192493	0.00009651	0.00009729	0.00202133	0.00258874	0.02501150	0.00640236	0.00196029	0.00061089	0.02038928	0.00203930	0.01870249
A[T>C]C	0.00304054	0.00071494	0.01339732	0.01049913	0.04030528	0.01289600	0.01270160	0.00025198	0.00209137	0.00059371	0.00089941	0.00218080	0.00229034	0.00045792	0.00739611	0.00082072	0.00734098
A[T>C]G	0.00010602	0.00499959	0.03819236	0.01429881	0.07050924	0.06388018	0.00037605	0.00000000	0.00208137	0.00230888	0.00775356	0.00176065	0.00275040	0.00027695	0.00811573	0.00091968	0.01550206
A[T>C]T	0.00574102	0.00155987	0.03829234	0.02899759	0.06380836	0.13595781	0.00779098	0.00054396	0.00424279	0.00173915	0.00075535	0.00244090	0.00115017	0.00054490	0.00846555	0.00202930	0.01940258
A[T>G]A	0.00017203	0.00104991	0.00385923	0.04509626	0.00201026	0.01119653	0.00085111	0.00140990	0.00072147	0.00232887	0.00233107	0.00321118	0.00040706	0.00003899	0.00367807	0.00304895	0.00723096
A[T>G]C	0.00020704	0.00015899	0.00259948	0.00692942	0.00066409	0.00440863	0.00070009	0.00447969	0.00085856	0.00188908	0.00005092	0.00140052	0.00081712	0.00010998	0.00247870	0.00096567	0.00705094
A[T>G]G	0.00026805	0.00141988	0.00793841	0.00532956	0.00080811	0.00461857	0.00071909	0.00098993	0.00199131	0.00176914	0.00295136	0.00206076	0.00042006	0.00040993	0.00401789	0.00447845	0.00806107
A[T>G]T	0.00011202	0.00021598	0.00482903	0.02389802	0.00128017	0.00795753	0.01250158	0.06909526	0.00184121	0.00161921	0.00004182	0.00471173	0.00081012	0.00079386	0.00078259	0.00262909	0.01800239
C[C>A]A	0.00031206	0.08069330	0.00742851	0.00479960	0.00542071	0.01039677	0.00029504	0.00027098	0.07404865	0.00131936	0.00183084	0.02540935	0.05420794	0.00076786	0.01069437	0.02988967	0.02080277
C[C>A]C	0.00179032	0.07969339	0.00613877	0.00191984	0.00428056	0.00902720	0.00116015	0.00004110	0.01961289	0.00076663	0.00443204	0.03491285	0.03690541	0.00038793	0.01159390	0.03298860	0.01470196
C[C>A]G	0.00009322	0.02449797	0.00345931	0.00136989	0.00117015	0.00173946	0.00000000	0.00000000	0.01200789	0.00023589	0.00013606	0.01600589	0.01480217	0.00040693	0.00032883	0.00219924	0.00254034
C[C>A]T	0.00000000	0.06899427	0.00648870	0.00305975	0.00110014	0.00248923	0.00013702	0.00018199	0.03632386	0.00003438	0.00011005	0.01710630	0.05190761	0.00029695	0.02788533	0.08247149	0.01470196
C[C>G]A	0.00002410	0.00782935	0.00695861	0.00089293	0.00134018	0.00354890	0.00055307	0.00019399	0.00061340	0.00176914	0.00105048	0.00261096	0.00329048	0.00126977	0.00204892	0.00385867	0.00756101
C[C>G]C	0.00007681	0.00686943	0.00906819	0.00153987	0.00089112	0.00453859	0.00023503	0.00004660	0.00226149	0.00180912	0.00078536	0.00522192	0.00634093	0.00079286	0.00185902	0.00629782	0.00935124
C[C>G]G	0.00035206	0.00339972	0.00248950	0.00043696	0.00017302	0.00145955	0.00023203	0.00000000	0.00358235	0.00004808	0.00023911	0.00094535	0.00130019	0.00011998	0.00085355	0.00086970	0.00168022
C[C>G]T	0.00000000	0.00681943	0.00952809	0.00302975	0.00156020	0.00961702	0.00003900	0.00019299	0.00379249	0.00321843	0.00032015	0.00471173	0.00669098	0.00101982	0.00341820	0.01619440	0.01390185
C[C>T]A	0.00200035	0.01269895	0.01939612	0.00723940	0.00659086	0.00716778	0.00082110	0.00045697	0.01170769	0.11894211	0.00121056	0.00538198	0.00761112	0.10998049	0.04117834	0.00509824	0.01960261
C[C>T]C	0.00027005	0.01149905	0.01899620	0.00875927	0.00025403	0.00283912	0.00172022	0.00005890	0.00676444	0.09195525	0.00319147	0.00885326	0.00164024	0.10298173	0.16391378	0.08317125	0.01730230
C[C>T]G	0.19603478	0.00330973	0.01749650	0.00650946	0.00004091	0.00069079	0.00190024	0.00054296	0.01681104	0.01569236	0.00042620	0.00635234	0.01530224	0.01679702	0.00819569	0.00266908	0.00236031
C[C>T]T	0.00019603	0.01599867	0.02309538	0.01109908	0.00338044	0.01929401	0.00174022	0.00013599	0.00665437	0.25787449	0.00160074	0.00429158	0.00067310	0.04619181	0.14492377	0.04698376	0.02160287
C[T>A]A	0.00004301	0.01439880	0.00353929	0.00478960	0.00054607	0.00320900	0.00043405	0.00009359	0.00054236	0.00009595	0.12805886	0.00132049	0.00195029	0.00021396	0.02058917	0.05258182	0.00109014
C[T>A]C	0.00039307	0.01219899	0.00518896	0.00312974	0.00560073	0.00569823	0.04050511	0.00223985	0.00306201	0.00040280	0.05512534	0.00187069	0.00141021	0.00077686	0.02108891	0.03298860	0.00762101
C[T>A]G	0.00032406	0.03249730	0.00500900	0.00530956	0.00141018	0.00102968	0.01240157	0.00071695	0.00321211	0.00029386	0.16807725	0.00503185	0.00198029	0.00058690	0.01869017	0.05817989	0.00346046
C[T>A]T	0.00026005	0.01179902	0.00429914	0.00443963	0.00150020	0.00652797	0.07230913	0.00778947	0.00226149	0.00021789	0.06032773	0.00480177	0.00198029	0.00061189	0.03098370	0.06637705	0.00928123
C[T>C]A	0.00000000	0.00517957	0.01329734	0.01369886	0.04540595	0.01069668	0.01110140	0.00064696	0.00038625	0.00045178	0.00674310	0.00227084	0.00118017	0.00126977	0.00814572	0.00132954	0.01090145
C[T>C]C	0.00250044	0.00235980	0.01039792	0.01529873	0.04970651	0.00316902	0.17302185	0.00645956	0.00246162	0.00008136	0.00134062	0.00224082	0.00184027	0.00137976	0.00990479	0.00201930	0.00987131
C[T>C]G	0.00036006	0.00549954	0.02079584	0.01539872	0.03740490	0.00960702	0.08731102	0.00391973	0.00162107	0.00049776	0.00203093	0.00422155	0.00391057	0.00126977	0.00445766	0.00155946	0.01050140
C[T>C]T	0.00004261	0.00255979	0.01489702	0.03289727	0.04590601	0.01549519	0.42605379	0.01829875	0.00256168	0.00039081	0.00053625	0.00363134	0.00178026	0.00409927	0.01379275	0.00317890	0.01360181
C[T>G]A	0.00003551	0.00086993	0.00258948	0.02599784	0.00089312	0.00395877	0.00031004	0.00204986	0.00011107	0.00071365	0.00491226	0.00143053	0.00078111	0.00019796	0.00196896	0.00370872	0.00335045
C[T>G]C	0.00021204	0.00044096	0.00460908	0.00740939	0.00114015	0.00107966	0.00104013	0.03139785	0.00199131	0.00208898	0.00088040	0.00088032	0.00000569	0.00021496	0.00142925	0.00051782	0.00567075
C[T>G]G	0.00012802	0.00378969	0.00612877	0.01419882	0.00059308	0.00223931	0.00000194	0.01369906	0.00293193	0.00132935	0.00803369	0.00304112	0.00033205	0.00007849	0.00149921	0.00635780	0.00559074
C[T>G]T	0.00017103	0.00119990	0.00729854	0.05649531	0.00034405	0.00253921	0.00531067	0.54996228	0.00414272	0.00219893	0.00119055	0.00471173	0.00076711	0.00026495	0.00094850	0.00270906	0.01310174
G[C>A]A	0.00158028	0.03159738	0.01019796	0.00771936	0.00198026	0.00860733	0.00178022	0.00099793	0.10907166	0.00081360	0.00223103	0.06222290	0.09711423	0.00094283	0.01309311	0.00986659	0.01420189
G[C>A]C	0.00033906	0.03479711	0.00764847	0.00667945	0.00041705	0.00424868	0.00128016	0.00000278	0.01731137	0.00027187	0.00173080	0.12804712	0.09031323	0.00049391	0.02148870	0.05018265	0.01020136
G[C>A]G	0.00058710	0.01529873	0.00233953	0.00017099	0.00044706	0.00135958	0.00010601	0.00009239	0.00756497	0.00020490	0.00051524	0.06592426	0.02300337	0.00000000	0.00097149	0.00050682	0.00255034
G[C>A]T	0.00000000	0.02119824	0.00681864	0.00855929	0.00002750	0.00579820	0.00004701	0.00053396	0.06234096	0.00027287	0.00055125	0.05442003	0.08461240	0.00086185	0.00350815	0.02289209	0.01080144
G[C>G]A	0.00000959	0.00528956	0.00467906	0.00135989	0.00056407	0.00104967	0.00087811	0.00005990	0.00063542	0.00130936	0.00140064	0.00272100	0.00227033	0.00051491	0.00182904	0.00337883	0.00506067
G[C>G]C	0.00016403	0.00574952	0.00507898	0.00282977	0.00028904	0.00308904	0.00083511	0.00005550	0.00134088	0.00128937	0.00093043	0.00579213	0.00164024	0.00025595	0.00750605	0.02139260	0.00537071
G[C>G]G	0.00016603	0.00329973	0.00150970	0.00052096	0.00009541	0.00008127	0.00002370	0.00000000	0.00063942	0.00059671	0.00021110	0.00314116	0.00000688	0.00011698	0.00045676	0.00059080	0.00119016
G[C>G]T	0.00000000	0.00303975	0.00671866	0.00856929	0.00050407	0.00322900	0.00078710	0.00000000	0.00123081	0.00031984	0.00045521	0.00338124	0.00321047	0.00039893	0.00335823	0.00873698	0.00698093
G[C>T]A	0.00444079	0.00408966	0.01939612	0.00697942	0.00448059	0.00649798	0.00164021	0.00006110	0.00968636	0.06097033	0.00238109	0.02991101	0.01040152	0.04969118	0.00679643	0.00728748	0.01430190
G[C>T]C	0.00009282	0.00445963	0.02159568	0.00652946	0.00182024	0.00528836	0.00000000	0.00015699	0.00817537	0.03968069	0.00187086	0.04371609	0.00796117	0.06098918	0.01139401	0.01779385	0.01160154
G[C>T]G	0.21803869	0.00048196	0.01229754	0.00475960	0.00007461	0.00116964	0.00161020	0.00085494	0.01480973	0.00320844	0.00000000	0.02540935	0.01830268	0.00523907	0.00196896	0.00252913	0.00000000
G[C>T]T	0.00003841	0.00380968	0.01859628	0.01069911	0.00267035	0.00671792	0.00006601	0.00000000	0.00669440	0.10894698	0.00176081	0.02030747	0.00512075	0.01769686	0.00569700	0.00602792	0.01270169
G[T>A]A	0.00008121	0.00921923	0.00366927	0.00264978	0.00082611	0.00093971	0.00006461	0.00009729	0.00160105	0.00018891	0.05372469	0.00157058	0.00343050	0.00032894	0.00189900	0.00071675	0.00265035
G[T>A]C	0.00012902	0.00359970	0.00290942	0.00211982	0.00181024	0.00060781	0.00340043	0.00034698	0.00195128	0.00007776	0.01020469	0.00235087	0.00078912	0.00018197	0.00290847	0.00555808	0.00343046
G[T>A]G	0.00024604	0.01309891	0.00410918	0.00078793	0.00251033	0.00554828	0.00069509	0.00024098	0.00183120	0.00048576	0.03751724	0.00249092	0.00366054	0.00009858	0.00576697	0.00111961	0.00441059
G[T>A]T	0.00025805	0.00551954	0.00321936	0.00255979	0.00091512	0.00096570	0.00480061	0.00157989	0.00346227	0.00028286	0.00932429	0.00131048	0.00107016	0.00019097	0.00078859	0.00285901	0.00577077
G[T>C]A	0.00105019	0.00289976	0.01409718	0.00951921	0.07110932	0.00205936	0.00012302	0.00005950	0.00070847	0.00095354	0.00072133	0.00370136	0.00108016	0.00093483	0.00452762	0.00056480	0.00601080
G[T>C]C	0.00190034	0.00117990	0.00793841	0.00977919	0.03040398	0.00118963	0.01490188	0.00149990	0.00226149	0.00037082	0.00124057	0.00365134	0.00359053	0.00055490	0.00656655	0.00202930	0.00458061
G[T>C]G	0.00117021	0.00236980	0.01499700	0.00630948	0.04150544	0.00427867	0.00357045	0.00100993	0.00398262	0.00095254	0.00058127	0.00267098	0.00299044	0.00050091	0.00512730	0.00019093	0.00565075
G[T>C]T	0.00007131	0.00075494	0.01369726	0.00985918	0.04630607	0.00239926	0.00524066	0.00146990	0.00315207	0.00235885	0.00083438	0.00399147	0.00155023	0.00044492	0.00468753	0.00042085	0.00731097
G[T>G]A	0.00000000	0.00059795	0.00251950	0.00829931	0.00041205	0.00090172	0.00049506	0.00028098	0.00087057	0.00063569	0.00159073	0.00107039	0.00004491	0.00018797	0.00030384	0.00175939	0.00249033
G[T>G]C	0.00000000	0.00025298	0.00170966	0.00584951	0.00021303	0.00090072	0.00020403	0.00624957	0.00003702	0.00070266	0.00023611	0.00153056	0.00009171	0.00035294	0.00087154	0.00506825	0.00224030
G[T>G]G	0.00034806	0.00242980	0.00529894	0.00396967	0.00049606	0.00067479	0.00083511	0.00147990	0.00583383	0.00050975	0.00045021	0.00313115	0.00077011	0.00137976	0.00254866	0.00403860	0.00445059
G[T>G]T	0.00001460	0.00025198	0.00234953	0.01939839	0.00016502	0.00238926	0.00724091	0.11399218	0.00214141	0.00034083	0.00001961	0.00268099	0.00115017	0.00015997	0.00280852	0.00334884	0.00548073
T[C>A]A	0.00006581	0.03979670	0.00785843	0.01699859	0.00348046	0.01079665	0.00019002	0.00001240	0.07384852	0.00137933	0.00078436	0.02981097	0.04520662	0.00069588	0.00185902	0.00526818	0.02600346
T[C>A]C	0.00253045	0.04689611	0.00916817	0.00245980	0.00288038	0.00586818	0.00002590	0.00000000	0.04362866	0.00112945	0.00174080	0.05191911	0.04110602	0.00024296	0.00937507	0.02309202	0.02100279
T[C>A]G	0.00000000	0.01089910	0.00229954	0.00044496	0.00050507	0.00148954	0.00000000	0.00009509	0.01270835	0.00028486	0.00000000	0.00979360	0.01740255	0.00008259	0.00095450	0.00009467	0.00317042
T[C>A]T	0.00000588	0.04129657	0.01269746	0.02729773	0.00235031	0.00924713	0.00028804	0.00256982	0.12208021	0.00137933	0.00039618	0.02280839	0.04110602	0.00066488	0.00448764	0.01529471	0.02410321
T[C>G]A	0.00000000	0.00357970	0.00780844	0.00268978	0.00096913	0.00250922	0.00375047	0.00015999	0.00214141	0.00174915	0.00356164	0.00375138	0.00010702	0.00012698	0.00039579	0.00662771	0.01250166
T[C>G]C	0.00020304	0.00594951	0.00759848	0.00199983	0.00155020	0.00522838	0.00072309	0.00006180	0.00464305	0.00311848	0.00152070	0.00558205	0.00683100	0.00098583	0.00291846	0.00562805	0.01410188
T[C>G]G	0.00006941	0.00182985	0.00170966	0.00040397	0.00021403	0.00043886	0.00038005	0.00001550	0.00089959	0.00044079	0.00038118	0.00135050	0.00089713	0.00010598	0.00041578	0.00015495	0.00174023
T[C>G]T	0.00156028	0.00337972	0.01249750	0.00562953	0.00305040	0.02849116	0.00028304	0.00149990	0.00318209	0.00160922	0.00038818	0.00407150	0.00033605	0.00010898	0.00423777	0.02119267	0.02370315
T[C>T]A	0.00111020	0.00373969	0.02029594	0.00426965	0.00552072	0.00635803	0.00053207	0.00010799	0.01140749	0.04387864	0.00159073	0.00240088	0.00639094	0.09798262	0.00747607	0.00295898	0.03000399
T[C>T]C	0.00003731	0.00698942	0.02299540	0.00732939	0.00264035	0.00367886	0.00009061	0.00060396	0.01140749	0.02498784	0.00132061	0.01220449	0.00000000	0.13397623	0.02458707	0.01259565	0.02310307
T[C>T]G	0.11001952	0.00028098	0.01589682	0.00325973	0.00008851	0.00301906	0.00017702	0.00006240	0.01180776	0.00431790	0.00003772	0.00269099	0.01440211	0.01469739	0.00840558	0.00076474	0.00212028
T[C>T]T	0.00000000	0.00721940	0.02099580	0.00545955	0.00612080	0.02209314	0.00034804	0.00089494	0.00375247	0.06286940	0.00000000	0.00471173	0.00428063	0.05249069	0.01948975	0.00803722	0.02240298
T[T>A]A	0.00672119	0.00887926	0.00630874	0.02599784	0.00375049	0.01229618	0.00011902	0.00118992	0.01080710	0.00049376	0.07183301	0.00412152	0.00076411	0.00028195	0.00669648	0.00429851	0.00713095
T[T>A]C	0.00000000	0.00430964	0.00413917	0.00184985	0.00645085	0.00466855	0.00570072	0.00024198	0.00273179	0.00047477	0.02361085	0.00327120	0.00193028	0.00024096	0.00374803	0.00529817	0.01030137
T[T>A]G	0.00002800	0.00953921	0.00478904	0.01669861	0.00277036	0.00517839	0.00183023	0.00000000	0.00179118	0.00037282	0.07323366	0.00199073	0.00092414	0.00018997	0.00326828	0.00137952	0.00502067
T[T>A]T	0.00225040	0.00561953	0.00874825	0.01699859	0.00525069	0.00715778	0.00198025	0.00130991	0.00710467	0.00067267	0.03011384	0.00219081	0.00120018	0.00070088	0.00887533	0.00540813	0.02100279
T[T>C]A	0.00025505	0.00240980	0.01799640	0.01399884	0.08611128	0.01299597	0.00209026	0.00105993	0.00180118	0.00123940	0.00463213	0.00146054	0.00259038	0.00054390	0.00458759	0.00036787	0.01020136
T[T>C]C	0.00339060	0.00050296	0.00970806	0.01359887	0.04630607	0.00366886	0.01530193	0.00109992	0.00618406	0.00055273	0.00000000	0.00300110	0.00150022	0.00028595	0.01029459	0.00082172	0.00755100
T[T>C]G	0.00041607	0.00173986	0.01269746	0.00930923	0.04000524	0.00722776	0.00235030	0.00120992	0.00326214	0.00107947	0.00122056	0.00203075	0.00037906	0.00020296	0.00400789	0.00043785	0.00601080
T[T>C]T	0.00433077	0.00063595	0.01849630	0.03839681	0.05970782	0.00838740	0.02100265	0.00099993	0.00337222	0.00146928	0.00000000	0.00367135	0.00082212	0.00044492	0.01209364	0.00105963	0.01020136
T[T>G]A	0.00000000	0.00037697	0.00521896	0.06569455	0.00163021	0.00977697	0.00000000	0.00001220	0.00069646	0.00165919	0.00506233	0.00012305	0.00046707	0.00011798	0.00224882	0.00428852	0.00846113
T[T>G]C	0.00005511	0.00017399	0.00655869	0.00861928	0.00113015	0.00550829	0.00011601	0.00874940	0.00210138	0.00201902	0.00075235	0.00264097	0.00009931	0.00009638	0.00237875	0.00193933	0.01140152
T[T>G]G	0.00058310	0.00231981	0.00693861	0.01089910	0.00087511	0.00523837	0.00092012	0.00477967	0.00145095	0.00206899	0.00557256	0.00304112	0.00018003	0.00081286	0.00534719	0.00481833	0.00866115
T[T>G]T	0.00000000	0.00056795	0.01349730	0.06389470	0.00221029	0.01579510	0.00458058	0.12199163	0.00516339	0.00422794	0.00059527	0.00396146	0.00092814	0.00888842	0.00729616	0.00361875	0.02500333
