Sample Names	MutationType	ID1	ID2	ID4	ID5	ID6	ID8	ID9
Ovary-AdenoCA::MSI-H.S.1	1:Del:C:0	0.03111743385362904	0.968882566146371	0.0	0.0	0.0	0.0	0.0
Ovary-AdenoCA::MSI-H.S.1	1:Del:C:1	0.9713603552343165	0.028639644765683495	0.0	0.0	0.0	0.0	0.0
Ovary-AdenoCA::MSI-H.S.1	1:Del:C:2	1.0313341400460637e-12	0.9999999999989687	0.0	0.0	0.0	0.0	0.0
Ovary-AdenoCA::MSI-H.S.1	1:Del:C:3	0.4278379437224953	0.5721620562775046	0.0	0.0	0.0	0.0	0.0
Ovary-AdenoCA::MSI-H.S.1	1:Del:C:4	0.15065028218216395	0.8493497178178361	0.0	0.0	0.0	0.0	0.0
Ovary-AdenoCA::MSI-H.S.1	1:Del:C:5	0.18263400989127995	0.81736599010872	0.0	0.0	0.0	0.0	0.0
Ovary-AdenoCA::MSI-H.S.1	1:Del:T:0	0.13849599414784375	0.8615040058521564	0.0	0.0	0.0	0.0	0.0
Ovary-AdenoCA::MSI-H.S.1	1:Del:T:1	0.4481274119982325	0.5518725880017673	0.0	0.0	0.0	0.0	0.0
Ovary-AdenoCA::MSI-H.S.1	1:Del:T:2	0.11423161556291173	0.8857683844370883	0.0	0.0	0.0	0.0	0.0
Ovary-AdenoCA::MSI-H.S.1	1:Del:T:3	0.09905508827884472	0.9009449117211553	0.0	0.0	0.0	0.0	0.0
Ovary-AdenoCA::MSI-H.S.1	1:Del:T:4	0.08109585087361129	0.9189041491263887	0.0	0.0	0.0	0.0	0.0
Ovary-AdenoCA::MSI-H.S.1	1:Del:T:5	3.936983076574879e-18	1.0	0.0	0.0	0.0	0.0	0.0
Ovary-AdenoCA::MSI-H.S.1	1:Ins:C:0	0.4481274119982325	0.5518725880017673	0.0	0.0	0.0	0.0	0.0
Ovary-AdenoCA::MSI-H.S.1	1:Ins:C:1	1.4128113852806779e-14	0.9999999999999859	0.0	0.0	0.0	0.0	0.0
Ovary-AdenoCA::MSI-H.S.1	1:Ins:C:2	1.2242172425748752e-13	0.9999999999998775	0.0	0.0	0.0	0.0	0.0
Ovary-AdenoCA::MSI-H.S.1	1:Ins:C:3	0.6559119813817309	0.3440880186182691	0.0	0.0	0.0	0.0	0.0
Ovary-AdenoCA::MSI-H.S.1	1:Ins:C:4	0.3727243421910121	0.627275657808988	0.0	0.0	0.0	0.0	0.0
Ovary-AdenoCA::MSI-H.S.1	1:Ins:C:5	0.7230598228175376	0.27694017718246233	0.0	0.0	0.0	0.0	0.0
Ovary-AdenoCA::MSI-H.S.1	1:Ins:T:0	0.6248736051445581	0.37512639485544186	0.0	0.0	0.0	0.0	0.0
Ovary-AdenoCA::MSI-H.S.1	1:Ins:T:1	0.9999999999998989	1.0114868939168936e-13	0.0	0.0	0.0	0.0	0.0
Ovary-AdenoCA::MSI-H.S.1	1:Ins:T:2	0.2241090787168139	0.775890921283186	0.0	0.0	0.0	0.0	0.0
Ovary-AdenoCA::MSI-H.S.1	1:Ins:T:3	0.7915407920406093	0.20845920795939069	0.0	0.0	0.0	0.0	0.0
Ovary-AdenoCA::MSI-H.S.1	1:Ins:T:4	0.8222566038319234	0.17774339616807647	0.0	0.0	0.0	0.0	0.0
Ovary-AdenoCA::MSI-H.S.1	1:Ins:T:5	0.9963845202270196	0.0036154797729803846	0.0	0.0	0.0	0.0	0.0
Ovary-AdenoCA::MSI-H.S.1	2:Del:R:0	0.8023062613699773	0.19769373863002263	0.0	0.0	0.0	0.0	0.0
Ovary-AdenoCA::MSI-H.S.1	2:Del:R:1	0.248822909988259	0.751177090011741	0.0	0.0	0.0	0.0	0.0
Ovary-AdenoCA::MSI-H.S.1	2:Del:R:2	0.19851235031222217	0.8014876496877779	0.0	0.0	0.0	0.0	0.0
Ovary-AdenoCA::MSI-H.S.1	2:Del:R:3	0.35877116777709744	0.6412288322229025	0.0	0.0	0.0	0.0	0.0
Ovary-AdenoCA::MSI-H.S.1	2:Del:R:4	0.05659616067020646	0.9434038393297935	0.0	0.0	0.0	0.0	0.0
Ovary-AdenoCA::MSI-H.S.1	2:Del:R:5	0.40716850138535127	0.5928314986146488	0.0	0.0	0.0	0.0	0.0
Ovary-AdenoCA::MSI-H.S.1	3:Del:R:0	0.9084771362414308	0.09152286375856923	0.0	0.0	0.0	0.0	0.0
Ovary-AdenoCA::MSI-H.S.1	3:Del:R:1	0.4925232925427592	0.5074767074572407	0.0	0.0	0.0	0.0	0.0
Ovary-AdenoCA::MSI-H.S.1	3:Del:R:2	0.24561402885102543	0.7543859711489745	0.0	0.0	0.0	0.0	0.0
Ovary-AdenoCA::MSI-H.S.1	3:Del:R:3	0.47190672183287885	0.5280932781671211	0.0	0.0	0.0	0.0	0.0
Ovary-AdenoCA::MSI-H.S.1	3:Del:R:4	0.44687870260012214	0.5531212973998778	0.0	0.0	0.0	0.0	0.0
Ovary-AdenoCA::MSI-H.S.1	3:Del:R:5	0.4481274119982325	0.5518725880017673	0.0	0.0	0.0	0.0	0.0
Ovary-AdenoCA::MSI-H.S.1	4:Del:R:0	0.8886958005483909	0.11130419945160908	0.0	0.0	0.0	0.0	0.0
Ovary-AdenoCA::MSI-H.S.1	4:Del:R:1	0.2919978176420814	0.7080021823579186	0.0	0.0	0.0	0.0	0.0
Ovary-AdenoCA::MSI-H.S.1	4:Del:R:2	0.005728041988060505	0.9942719580119395	0.0	0.0	0.0	0.0	0.0
Ovary-AdenoCA::MSI-H.S.1	4:Del:R:3	4.411897077778749e-13	0.9999999999995588	0.0	0.0	0.0	0.0	0.0
Ovary-AdenoCA::MSI-H.S.1	4:Del:R:4	0.4481274119982325	0.5518725880017673	0.0	0.0	0.0	0.0	0.0
Ovary-AdenoCA::MSI-H.S.1	4:Del:R:5	0.11746034986834383	0.8825396501316563	0.0	0.0	0.0	0.0	0.0
Ovary-AdenoCA::MSI-H.S.1	5:Del:R:0	0.1736654569585507	0.8263345430414493	0.0	0.0	0.0	0.0	0.0
Ovary-AdenoCA::MSI-H.S.1	5:Del:R:1	0.05842886348089644	0.9415711365191036	0.0	0.0	0.0	0.0	0.0
Ovary-AdenoCA::MSI-H.S.1	5:Del:R:2	0.23547776129319808	0.764522238706802	0.0	0.0	0.0	0.0	0.0
Ovary-AdenoCA::MSI-H.S.1	5:Del:R:3	0.10378484370372612	0.8962151562962739	0.0	0.0	0.0	0.0	0.0
Ovary-AdenoCA::MSI-H.S.1	5:Del:R:4	0.03435777386027786	0.9656422261397221	0.0	0.0	0.0	0.0	0.0
Ovary-AdenoCA::MSI-H.S.1	5:Del:R:5	0.5885912437724943	0.4114087562275057	0.0	0.0	0.0	0.0	0.0
Ovary-AdenoCA::MSI-H.S.1	2:Ins:R:0	0.5400086118874461	0.45999138811255386	0.0	0.0	0.0	0.0	0.0
Ovary-AdenoCA::MSI-H.S.1	2:Ins:R:1	0.027339195637114674	0.9726608043628853	0.0	0.0	0.0	0.0	0.0
Ovary-AdenoCA::MSI-H.S.1	2:Ins:R:2	0.17161467226914473	0.8283853277308553	0.0	0.0	0.0	0.0	0.0
Ovary-AdenoCA::MSI-H.S.1	2:Ins:R:3	0.5665079508758124	0.43349204912418754	0.0	0.0	0.0	0.0	0.0
Ovary-AdenoCA::MSI-H.S.1	2:Ins:R:4	0.5880599590766793	0.41194004092332065	0.0	0.0	0.0	0.0	0.0
Ovary-AdenoCA::MSI-H.S.1	2:Ins:R:5	0.5629419750635537	0.43705802493644635	0.0	0.0	0.0	0.0	0.0
Ovary-AdenoCA::MSI-H.S.1	3:Ins:R:0	0.005103911100207086	0.9948960888997929	0.0	0.0	0.0	0.0	0.0
Ovary-AdenoCA::MSI-H.S.1	3:Ins:R:1	0.16745485440466104	0.832545145595339	0.0	0.0	0.0	0.0	0.0
Ovary-AdenoCA::MSI-H.S.1	3:Ins:R:2	0.16903567942979222	0.8309643205702077	0.0	0.0	0.0	0.0	0.0
Ovary-AdenoCA::MSI-H.S.1	3:Ins:R:3	0.9816477208850797	0.01835227911492029	0.0	0.0	0.0	0.0	0.0
Ovary-AdenoCA::MSI-H.S.1	3:Ins:R:4	0.37791038828138823	0.6220896117186118	0.0	0.0	0.0	0.0	0.0
Ovary-AdenoCA::MSI-H.S.1	3:Ins:R:5	0.39353515808919204	0.606464841910808	0.0	0.0	0.0	0.0	0.0
Ovary-AdenoCA::MSI-H.S.1	4:Ins:R:0	1.9091959378249726e-13	0.999999999999809	0.0	0.0	0.0	0.0	0.0
Ovary-AdenoCA::MSI-H.S.1	4:Ins:R:1	0.3747018568446334	0.6252981431553666	0.0	0.0	0.0	0.0	0.0
Ovary-AdenoCA::MSI-H.S.1	4:Ins:R:2	0.8570773365984325	0.1429226634015675	0.0	0.0	0.0	0.0	0.0
Ovary-AdenoCA::MSI-H.S.1	4:Ins:R:3	0.532238306049203	0.4677616939507971	0.0	0.0	0.0	0.0	0.0
Ovary-AdenoCA::MSI-H.S.1	4:Ins:R:4	0.5539802809082092	0.4460197190917908	0.0	0.0	0.0	0.0	0.0
Ovary-AdenoCA::MSI-H.S.1	4:Ins:R:5	0.30668313623416693	0.6933168637658331	0.0	0.0	0.0	0.0	0.0
Ovary-AdenoCA::MSI-H.S.1	5:Ins:R:0	0.4481274119982325	0.5518725880017673	0.0	0.0	0.0	0.0	0.0
Ovary-AdenoCA::MSI-H.S.1	5:Ins:R:1	0.9115700430294505	0.08842995697054946	0.0	0.0	0.0	0.0	0.0
Ovary-AdenoCA::MSI-H.S.1	5:Ins:R:2	0.9780961267299535	0.021903873270046406	0.0	0.0	0.0	0.0	0.0
Ovary-AdenoCA::MSI-H.S.1	5:Ins:R:3	0.7016261298923555	0.2983738701076446	0.0	0.0	0.0	0.0	0.0
Ovary-AdenoCA::MSI-H.S.1	5:Ins:R:4	0.9915983418612822	0.008401658138717889	0.0	0.0	0.0	0.0	0.0
Ovary-AdenoCA::MSI-H.S.1	5:Ins:R:5	0.5010621095075856	0.49893789049241444	0.0	0.0	0.0	0.0	0.0
Ovary-AdenoCA::MSI-H.S.1	2:Del:M:1	0.8686233408809196	0.1313766591190803	0.0	0.0	0.0	0.0	0.0
Ovary-AdenoCA::MSI-H.S.1	3:Del:M:1	0.9931671904567764	0.006832809543223693	0.0	0.0	0.0	0.0	0.0
Ovary-AdenoCA::MSI-H.S.1	3:Del:M:2	0.327504027996121	0.672495972003879	0.0	0.0	0.0	0.0	0.0
Ovary-AdenoCA::MSI-H.S.1	4:Del:M:1	0.35583086365670297	0.644169136343297	0.0	0.0	0.0	0.0	0.0
Ovary-AdenoCA::MSI-H.S.1	4:Del:M:2	0.20383842707789318	0.7961615729221069	0.0	0.0	0.0	0.0	0.0
Ovary-AdenoCA::MSI-H.S.1	4:Del:M:3	0.18334023660559565	0.8166597633944044	0.0	0.0	0.0	0.0	0.0
Ovary-AdenoCA::MSI-H.S.1	5:Del:M:1	0.00126362587197374	0.9987363741280262	0.0	0.0	0.0	0.0	0.0
Ovary-AdenoCA::MSI-H.S.1	5:Del:M:2	1.9593044062553945e-06	0.9999980406955937	0.0	0.0	0.0	0.0	0.0
Ovary-AdenoCA::MSI-H.S.1	5:Del:M:3	3.982030979519129e-08	0.9999999601796902	0.0	0.0	0.0	0.0	0.0
Ovary-AdenoCA::MSI-H.S.1	5:Del:M:4	0.07512968917022401	0.924870310829776	0.0	0.0	0.0	0.0	0.0
Ovary-AdenoCA::MSI-H.S.1	5:Del:M:5	0.21399270865665218	0.7860072913433479	0.0	0.0	0.0	0.0	0.0
