Sample Names	MutationType	SBS1	SBS2	SBS3	SBS5	SBS8	SBS13	SBS18	SBS26	SBS35	SBS39	SBS40	SBS41
Ovary-AdenoCA::MSI-H.S.1	A[C>A]A	0.010145767760251643	0.0	0.0	0.2442703963818069	0.0	0.0	0.0	0.4683998695014259	0.0	0.0	0.0	0.27718396635651554
Ovary-AdenoCA::MSI-H.S.1	A[C>A]C	0.03944938460057466	0.0	0.0	0.2903459523769364	0.0	0.0	0.0	0.4280461891076729	0.0	0.0	0.0	0.242158473914816
Ovary-AdenoCA::MSI-H.S.1	A[C>A]G	0.018609288137595742	0.0	0.0	0.345753526533754	0.0	0.0	0.0	0.5615813440761752	0.0	0.0	0.0	0.07405584125247508
Ovary-AdenoCA::MSI-H.S.1	A[C>A]T	0.02234223960404249	0.0	0.0	0.2050957168725766	0.0	0.0	0.0	0.5062426268283824	0.0	0.0	0.0	0.2663194166949986
Ovary-AdenoCA::MSI-H.S.1	A[C>G]A	0.01842205894626302	0.0	0.0	0.1778217963658042	0.0	0.0	0.0	0.1981547215757638	0.0	0.0	0.0	0.605601423112169
Ovary-AdenoCA::MSI-H.S.1	A[C>G]C	0.018678838866174857	0.0	0.0	0.15513268051929913	0.0	0.0	0.0	0.2711647116588367	0.0	0.0	0.0	0.5550237689556894
Ovary-AdenoCA::MSI-H.S.1	A[C>G]G	0.005677992986593101	0.0	0.0	0.15096068378788288	0.0	0.0	0.0	0.15800434929937773	0.0	0.0	0.0	0.6853569739261464
Ovary-AdenoCA::MSI-H.S.1	A[C>G]T	0.00769872670936627	0.0	0.0	0.12124778729632012	0.0	0.0	0.0	0.23035453033280862	0.0	0.0	0.0	0.6406989556615049
Ovary-AdenoCA::MSI-H.S.1	A[C>T]A	0.07789971060551687	0.0	0.0	0.18057259183730695	0.0	0.0	0.0	0.38835490868437583	0.0	0.0	0.0	0.3531727888728003
Ovary-AdenoCA::MSI-H.S.1	A[C>T]C	0.032295103909875916	0.0	0.0	0.1625964408741364	0.0	0.0	0.0	0.6081415142953667	0.0	0.0	0.0	0.1969669409206211
Ovary-AdenoCA::MSI-H.S.1	A[C>T]G	0.5488154753127241	0.0	0.0	0.016518110064932857	0.0	0.0	0.0	0.375501797390163	0.0	0.0	0.0	0.05916461723218005
Ovary-AdenoCA::MSI-H.S.1	A[C>T]T	0.037976981697863246	0.0	0.0	0.15503009496132825	0.0	0.0	0.0	0.5182155803855434	0.0	0.0	0.0	0.2887773429552652
Ovary-AdenoCA::MSI-H.S.1	A[T>A]A	0.00468609436358642	0.0	0.0	0.07684503284621495	0.0	0.0	0.0	0.41717277402281755	0.0	0.0	0.0	0.501296098767381
Ovary-AdenoCA::MSI-H.S.1	A[T>A]C	0.009746256147396054	0.0	0.0	0.05383994266696996	0.0	0.0	0.0	0.7208201992726435	0.0	0.0	0.0	0.21559360191299032
Ovary-AdenoCA::MSI-H.S.1	A[T>A]G	0.014005649826751333	0.0	0.0	0.19917354204756757	0.0	0.0	0.0	0.35977398483796724	0.0	0.0	0.0	0.4270468232877139
Ovary-AdenoCA::MSI-H.S.1	A[T>A]T	0.000191926473242606	0.0	0.0	0.011558830061536948	0.0	0.0	0.0	0.1508597887869944	0.0	0.0	0.0	0.8373894546782261
Ovary-AdenoCA::MSI-H.S.1	A[T>C]A	0.00025819149624202226	0.0	0.0	0.019453413040003278	0.0	0.0	0.0	0.9411581670421927	0.0	0.0	0.0	0.039130228421562066
Ovary-AdenoCA::MSI-H.S.1	A[T>C]C	0.0023097061487796283	0.0	0.0	0.0180978232028269	0.0	0.0	0.0	0.9291267864973211	0.0	0.0	0.0	0.05046568415107232
Ovary-AdenoCA::MSI-H.S.1	A[T>C]G	2.761622506064701e-05	0.0	0.0	0.017691318735792997	0.0	0.0	0.0	0.9582513316962273	0.0	0.0	0.0	0.02402973334291903
Ovary-AdenoCA::MSI-H.S.1	A[T>C]T	0.0028417776686039467	0.0	0.0	0.03370663317811439	0.0	0.0	0.0	0.8629238476261086	0.0	0.0	0.0	0.10052774152717298
Ovary-AdenoCA::MSI-H.S.1	A[T>G]A	0.0007470725858669686	0.0	0.0	0.029803004877787934	0.0	0.0	0.0	0.5942490980834962	0.0	0.0	0.0	0.37520082445284886
Ovary-AdenoCA::MSI-H.S.1	A[T>G]C	0.0014558541392231056	0.0	0.0	0.03250568063195115	0.0	0.0	0.0	0.8337183645092895	0.0	0.0	0.0	0.1323201007195364
Ovary-AdenoCA::MSI-H.S.1	A[T>G]G	0.0017556138242072676	0.0	0.0	0.09245983122942295	0.0	0.0	0.0	0.7028797102346085	0.0	0.0	0.0	0.2029048447117614
Ovary-AdenoCA::MSI-H.S.1	A[T>G]T	0.00029958854483312853	0.0	0.0	0.022966388528302777	0.0	0.0	0.0	0.743212834463912	0.0	0.0	0.0	0.23352118846295217
Ovary-AdenoCA::MSI-H.S.1	C[C>A]A	0.002918953738223068	0.0	0.0	0.12356623887964265	0.0	0.0	0.0	0.618077675204542	0.0	0.0	0.0	0.25543713217759223
Ovary-AdenoCA::MSI-H.S.1	C[C>A]C	0.019043054426672854	0.0	0.0	0.11611553963288493	0.0	0.0	0.0	0.7526825569705805	0.0	0.0	0.0	0.1121588489698617
Ovary-AdenoCA::MSI-H.S.1	C[C>A]G	0.0035573541328428	0.0	0.0	0.23476085556996723	0.0	0.0	0.0	0.647397601293007	0.0	0.0	0.0	0.11428418900418291
Ovary-AdenoCA::MSI-H.S.1	C[C>A]T	5.923315277816264e-16	0.0	0.0	0.03064383244589922	0.0	0.0	0.0	0.8886065796229191	0.0	0.0	0.0	0.08074958793118109
Ovary-AdenoCA::MSI-H.S.1	C[C>G]A	0.00045204851781707744	0.0	0.0	0.23206820477651974	0.0	0.0	0.0	0.3199047711402564	0.0	0.0	0.0	0.4475749755654067
Ovary-AdenoCA::MSI-H.S.1	C[C>G]C	0.0017046515848797821	0.0	0.0	0.35786571207914425	0.0	0.0	0.0	0.33487413505937946	0.0	0.0	0.0	0.30555550127659653
Ovary-AdenoCA::MSI-H.S.1	C[C>G]G	0.0307503014175074	0.0	0.0	0.38667354211357313	0.0	0.0	0.0	0.17068450431696358	0.0	0.0	0.0	0.4118916521519559
Ovary-AdenoCA::MSI-H.S.1	C[C>G]T	2.145710085427966e-15	0.0	0.0	0.16300370511009257	0.0	0.0	0.0	0.28177179812115244	0.0	0.0	0.0	0.5552244967687529
Ovary-AdenoCA::MSI-H.S.1	C[C>T]A	0.010259537610549317	0.0	0.0	0.17690410805747447	0.0	0.0	0.0	0.4061961693665782	0.0	0.0	0.0	0.40664018496539805
Ovary-AdenoCA::MSI-H.S.1	C[C>T]C	0.001437194974657803	0.0	0.0	0.17978105422911395	0.0	0.0	0.0	0.7058130565841574	0.0	0.0	0.0	0.1129686942120708
Ovary-AdenoCA::MSI-H.S.1	C[C>T]G	0.39241729723342705	0.0	0.0	0.06228285550443373	0.0	0.0	0.0	0.31332125998114324	0.0	0.0	0.0	0.23197858728099593
Ovary-AdenoCA::MSI-H.S.1	C[C>T]T	0.0009457336866219951	0.0	0.0	0.19813589603105514	0.0	0.0	0.0	0.37303369164398603	0.0	0.0	0.0	0.42788467863833685
Ovary-AdenoCA::MSI-H.S.1	C[T>A]A	0.0004669111514458943	0.0	0.0	0.06832937510494966	0.0	0.0	0.0	0.4802740391848371	0.0	0.0	0.0	0.4509296745587673
Ovary-AdenoCA::MSI-H.S.1	C[T>A]C	0.0034427433735147376	0.0	0.0	0.08081981547526196	0.0	0.0	0.0	0.5951568404405799	0.0	0.0	0.0	0.32058060071064337
Ovary-AdenoCA::MSI-H.S.1	C[T>A]G	0.0032914703140739248	0.0	0.0	0.09047342973841155	0.0	0.0	0.0	0.5426266385571269	0.0	0.0	0.0	0.36360846139038766
Ovary-AdenoCA::MSI-H.S.1	C[T>A]T	0.0018394584061515035	0.0	0.0	0.05407835540264542	0.0	0.0	0.0	0.21281536424700653	0.0	0.0	0.0	0.7312668219441966
Ovary-AdenoCA::MSI-H.S.1	C[T>C]A	8.649322065331099e-17	0.0	0.0	0.009169955807651647	0.0	0.0	0.0	0.945000146786207	0.0	0.0	0.0	0.04582989740614115
Ovary-AdenoCA::MSI-H.S.1	C[T>C]C	0.0016201415590086903	0.0	0.0	0.011980768846664528	0.0	0.0	0.0	0.9473683562012387	0.0	0.0	0.0	0.039030733393088095
Ovary-AdenoCA::MSI-H.S.1	C[T>C]G	9.5019848422842e-05	0.0	0.0	0.009759185285977105	0.0	0.0	0.0	0.9732802070464867	0.0	0.0	0.0	0.01686558781911339
Ovary-AdenoCA::MSI-H.S.1	C[T>C]T	1.5677686578377223e-05	0.0	0.0	0.009747585276730352	0.0	0.0	0.0	0.9570104688740416	0.0	0.0	0.0	0.03322626816264964
Ovary-AdenoCA::MSI-H.S.1	C[T>G]A	0.00031987649344597367	0.0	0.0	0.041485099264065094	0.0	0.0	0.0	0.59950615255688	0.0	0.0	0.0	0.3586888716856089
Ovary-AdenoCA::MSI-H.S.1	C[T>G]C	0.0007924780967627266	0.0	0.0	0.03063308444464705	0.0	0.0	0.0	0.8652262405726703	0.0	0.0	0.0	0.10334819688591997
Ovary-AdenoCA::MSI-H.S.1	C[T>G]G	0.0004177404820728469	0.0	0.0	0.03556276045760037	0.0	0.0	0.0	0.850203154785636	0.0	0.0	0.0	0.1138163442746909
Ovary-AdenoCA::MSI-H.S.1	C[T>G]T	0.00034263907193685377	0.0	0.0	0.02600171721915854	0.0	0.0	0.0	0.7322960709639651	0.0	0.0	0.0	0.24135957274493933
Ovary-AdenoCA::MSI-H.S.1	G[C>A]A	0.02015315568975519	0.0	0.0	0.23127279063583747	0.0	0.0	0.0	0.29642783092837693	0.0	0.0	0.0	0.4521462227460304
Ovary-AdenoCA::MSI-H.S.1	G[C>A]C	0.006343914109872483	0.0	0.0	0.25448220985930264	0.0	0.0	0.0	0.5839600701089397	0.0	0.0	0.0	0.15521380592188522
Ovary-AdenoCA::MSI-H.S.1	G[C>A]G	0.04408671285489619	0.0	0.0	0.3124092403497285	0.0	0.0	0.0	0.4539527531006713	0.0	0.0	0.0	0.18955129369470397
Ovary-AdenoCA::MSI-H.S.1	G[C>A]T	3.0642963383407056e-15	0.0	0.0	0.1665899009069537	0.0	0.0	0.0	0.5260163971577916	0.0	0.0	0.0	0.3073937019352517
Ovary-AdenoCA::MSI-H.S.1	G[C>G]A	0.0001908875676299763	0.0	0.0	0.16559350016138238	0.0	0.0	0.0	0.36838968310226916	0.0	0.0	0.0	0.4658259291687185
Ovary-AdenoCA::MSI-H.S.1	G[C>G]C	0.0024411154425662916	0.0	0.0	0.13441464158605118	0.0	0.0	0.0	0.40380748090570207	0.0	0.0	0.0	0.4593367620656804
Ovary-AdenoCA::MSI-H.S.1	G[C>G]G	0.02049970408940452	0.0	0.0	0.33147810499746766	0.0	0.0	0.0	0.4270189934609633	0.0	0.0	0.0	0.22100319745216448
Ovary-AdenoCA::MSI-H.S.1	G[C>G]T	3.324582354329415e-15	0.0	0.0	0.17809015073705617	0.0	0.0	0.0	0.2130509123853446	0.0	0.0	0.0	0.6088589368775958
Ovary-AdenoCA::MSI-H.S.1	G[C>T]A	0.01875620643409689	0.0	0.0	0.14568074705055095	0.0	0.0	0.0	0.5443096755861593	0.0	0.0	0.0	0.2912533709291929
Ovary-AdenoCA::MSI-H.S.1	G[C>T]C	0.0002361543132420282	0.0	0.0	0.09771023394725438	0.0	0.0	0.0	0.6498239816033218	0.0	0.0	0.0	0.25222963013618177
Ovary-AdenoCA::MSI-H.S.1	G[C>T]G	0.2910462463804684	0.0	0.0	0.029191002923731273	0.0	0.0	0.0	0.41786240360664906	0.0	0.0	0.0	0.2619003470891514
Ovary-AdenoCA::MSI-H.S.1	G[C>T]T	0.00010580961140998136	0.0	0.0	0.09110563412475219	0.0	0.0	0.0	0.6429460972377117	0.0	0.0	0.0	0.2658424590261262
Ovary-AdenoCA::MSI-H.S.1	G[T>A]A	0.0011596420973771437	0.0	0.0	0.09316920801436288	0.0	0.0	0.0	0.5239393683527587	0.0	0.0	0.0	0.3817317815355013
Ovary-AdenoCA::MSI-H.S.1	G[T>A]C	0.0015095639320080487	0.0	0.0	0.06053313763041862	0.0	0.0	0.0	0.6305375680408722	0.0	0.0	0.0	0.3074197303967012
Ovary-AdenoCA::MSI-H.S.1	G[T>A]G	0.004690688240447811	0.0	0.0	0.139309803606223	0.0	0.0	0.0	0.5431957557946967	0.0	0.0	0.0	0.3128037523586325
Ovary-AdenoCA::MSI-H.S.1	G[T>A]T	0.0026622237145618862	0.0	0.0	0.05906349055597374	0.0	0.0	0.0	0.40322014273735574	0.0	0.0	0.0	0.5350541429921086
Ovary-AdenoCA::MSI-H.S.1	G[T>C]A	0.0002619770347827697	0.0	0.0	0.0062536191927588716	0.0	0.0	0.0	0.9761391362727027	0.0	0.0	0.0	0.01734526749975584
Ovary-AdenoCA::MSI-H.S.1	G[T>C]C	0.0015562153046932276	0.0	0.0	0.01156045638617582	0.0	0.0	0.0	0.9517416792009444	0.0	0.0	0.0	0.03514164910818658
Ovary-AdenoCA::MSI-H.S.1	G[T>C]G	0.0003436990319326858	0.0	0.0	0.007832891345400434	0.0	0.0	0.0	0.9799947913073321	0.0	0.0	0.0	0.0118286183153347
Ovary-AdenoCA::MSI-H.S.1	G[T>C]T	2.6850755391644525e-05	0.0	0.0	0.009171195293985272	0.0	0.0	0.0	0.9739964695796534	0.0	0.0	0.0	0.01680548437096966
Ovary-AdenoCA::MSI-H.S.1	G[T>G]A	2.4966512962230742e-15	0.0	0.0	0.05015242799255834	0.0	0.0	0.0	0.718662394380549	0.0	0.0	0.0	0.23118517762689011
Ovary-AdenoCA::MSI-H.S.1	G[T>G]C	3.157211145476506e-15	0.0	0.0	0.04303613593674602	0.0	0.0	0.0	0.8026670978424055	0.0	0.0	0.0	0.15429676622084537
Ovary-AdenoCA::MSI-H.S.1	G[T>G]G	0.0026039385689941965	0.0	0.0	0.07049620786057537	0.0	0.0	0.0	0.8238927463173411	0.0	0.0	0.0	0.10300710725308942
Ovary-AdenoCA::MSI-H.S.1	G[T>G]T	4.458435246305761e-05	0.0	0.0	0.012756627259411808	0.0	0.0	0.0	0.8656379918904064	0.0	0.0	0.0	0.12156079649771881
Ovary-AdenoCA::MSI-H.S.1	T[C>A]A	0.0006857073102357117	0.0	0.0	0.1456041749804469	0.0	0.0	0.0	0.45800165868664566	0.0	0.0	0.0	0.39570845902267177
Ovary-AdenoCA::MSI-H.S.1	T[C>A]C	0.03716176973518283	0.0	0.0	0.2394327747373705	0.0	0.0	0.0	0.43357850432351264	0.0	0.0	0.0	0.2898269512039341
Ovary-AdenoCA::MSI-H.S.1	T[C>A]G	1.8239364553867194e-14	0.0	0.0	0.33440369901022376	0.0	0.0	0.0	0.47136928371860615	0.0	0.0	0.0	0.19422701727115194
Ovary-AdenoCA::MSI-H.S.1	T[C>A]T	3.7725680589708426e-05	0.0	0.0	0.14484445510121577	0.0	0.0	0.0	0.420861423347059	0.0	0.0	0.0	0.43425639587113546
Ovary-AdenoCA::MSI-H.S.1	T[C>G]A	7.346329992201228e-16	0.0	0.0	0.04573566514480193	0.0	0.0	0.0	0.2022032780270013	0.0	0.0	0.0	0.752061056828196
Ovary-AdenoCA::MSI-H.S.1	T[C>G]C	0.0009597194738126919	0.0	0.0	0.06387049141764235	0.0	0.0	0.0	0.165027328279364	0.0	0.0	0.0	0.7701424608291809
Ovary-AdenoCA::MSI-H.S.1	T[C>G]G	0.002339941877959588	0.0	0.0	0.10248967265409152	0.0	0.0	0.0	0.14865740577915876	0.0	0.0	0.0	0.7465129796887902
Ovary-AdenoCA::MSI-H.S.1	T[C>G]T	0.002441412537674577	0.0	0.0	0.03477482724741755	0.0	0.0	0.0	0.16205415568797313	0.0	0.0	0.0	0.8007296045269346
Ovary-AdenoCA::MSI-H.S.1	T[C>T]A	0.0034094269723659552	0.0	0.0	0.11083906351134207	0.0	0.0	0.0	0.47348436031301555	0.0	0.0	0.0	0.41226714920327656
Ovary-AdenoCA::MSI-H.S.1	T[C>T]C	0.00015961491153043702	0.0	0.0	0.17495681410292319	0.0	0.0	0.0	0.5072668447649709	0.0	0.0	0.0	0.3176167262205754
Ovary-AdenoCA::MSI-H.S.1	T[C>T]G	0.3459847424362451	0.0	0.0	0.08889959500240638	0.0	0.0	0.0	0.3875889055919016	0.0	0.0	0.0	0.17752675696944686
Ovary-AdenoCA::MSI-H.S.1	T[C>T]T	8.288217651973987e-16	0.0	0.0	0.13874392458080204	0.0	0.0	0.0	0.3709259471461264	0.0	0.0	0.0	0.4903301282730706
Ovary-AdenoCA::MSI-H.S.1	T[T>A]A	0.006750271024002588	0.0	0.0	0.01126729570584921	0.0	0.0	0.0	0.0531840868774169	0.0	0.0	0.0	0.9287983463927313
Ovary-AdenoCA::MSI-H.S.1	T[T>A]C	9.676978082077476e-16	0.0	0.0	0.03193549348385881	0.0	0.0	0.0	0.2561868100773181	0.0	0.0	0.0	0.7118776964388221
Ovary-AdenoCA::MSI-H.S.1	T[T>A]G	0.00021850747108547299	0.0	0.0	0.06644803902246647	0.0	0.0	0.0	0.10164929758122734	0.0	0.0	0.0	0.8316841559252207
Ovary-AdenoCA::MSI-H.S.1	T[T>A]T	0.003247086227320482	0.0	0.0	0.022446971364161423	0.0	0.0	0.0	0.08857964302789616	0.0	0.0	0.0	0.8857262993806219
Ovary-AdenoCA::MSI-H.S.1	T[T>C]A	9.293650191120511e-05	0.0	0.0	0.011661570509134894	0.0	0.0	0.0	0.7223336306596392	0.0	0.0	0.0	0.2659118623293148
Ovary-AdenoCA::MSI-H.S.1	T[T>C]C	0.001884036374761658	0.0	0.0	0.009592840225916263	0.0	0.0	0.0	0.8176558718069976	0.0	0.0	0.0	0.17086725159232447
Ovary-AdenoCA::MSI-H.S.1	T[T>C]G	0.0002479353686059987	0.0	0.0	0.013455110561629033	0.0	0.0	0.0	0.8461339266247668	0.0	0.0	0.0	0.14016302744499823
Ovary-AdenoCA::MSI-H.S.1	T[T>C]T	0.0013300495369969923	0.0	0.0	0.010101597137933328	0.0	0.0	0.0	0.8261200050224871	0.0	0.0	0.0	0.1624483483025826
Ovary-AdenoCA::MSI-H.S.1	T[T>G]A	4.003930537817161e-16	0.0	0.0	0.016660597423828707	0.0	0.0	0.0	0.12030094408316964	0.0	0.0	0.0	0.8630384584930013
Ovary-AdenoCA::MSI-H.S.1	T[T>G]C	0.00020398334019989698	0.0	0.0	0.043170326728816	0.0	0.0	0.0	0.2983478233377806	0.0	0.0	0.0	0.6582778665932034
Ovary-AdenoCA::MSI-H.S.1	T[T>G]G	0.0015819141752463721	0.0	0.0	0.03347435591360192	0.0	0.0	0.0	0.36106386739327556	0.0	0.0	0.0	0.6038798625178762
Ovary-AdenoCA::MSI-H.S.1	T[T>G]T	1.5117098435693202e-16	0.0	0.0	0.016268059137699607	0.0	0.0	0.0	0.3001557815635063	0.0	0.0	0.0	0.6835761592987938
