Sample Names	MutationType	SBS1	SBS4	SBS5	SBS6	SBS9	SBS12	SBS14	SBS16	SBS17a	SBS17b	SBS18	SBS19	SBS22a	SBS24	SBS26	SBS29	SBS30	SBS31	SBS35	SBS40
Liver-HCC::MSI-H.S.1	A[C>A]A	0.007659198215258291	0.0	0.9403999018611409	0.022110583790381784	0.0	0.0	0.0	0.0	0.0	0.0	0.0	0.0	0.0	0.0	0.029830316133219098	0.0	0.0	0.0	0.0	0.0
Liver-HCC::MSI-H.S.1	A[C>A]C	0.024490629604013155	0.0	0.91921828013962	0.03387331239671561	0.0	0.0	0.0	0.0	0.0	0.0	0.0	0.0	0.0	0.0	0.022417777859651163	0.0	0.0	0.0	0.0	0.0
Liver-HCC::MSI-H.S.1	A[C>A]G	0.009993675244065477	0.0	0.9469048278911358	0.017659559491559233	0.0	0.0	0.0	0.0	0.0	0.0	0.0	0.0	0.0	0.0	0.025441937373239402	0.0	0.0	0.0	0.0	0.0
Liver-HCC::MSI-H.S.1	A[C>A]T	0.01977397341278569	0.0	0.9256932900531475	0.016734736469676728	0.0	0.0	0.0	0.0	0.0	0.0	0.0	0.0	0.0	0.0	0.037798000064390096	0.0	0.0	0.0	0.0	0.0
Liver-HCC::MSI-H.S.1	A[C>G]A	0.018990877857479344	0.0	0.9348353301817947	0.02894105771660805	0.0	0.0	0.0	0.0	0.0	0.0	0.0	0.0	0.0	0.0	0.017232734244117864	0.0	0.0	0.0	0.0	0.0
Liver-HCC::MSI-H.S.1	A[C>G]C	0.021737008103214335	0.0	0.9206535757486416	0.030988354878866826	0.0	0.0	0.0	0.0	0.0	0.0	0.0	0.0	0.0	0.0	0.02662106126927743	0.0	0.0	0.0	0.0	0.0
Liver-HCC::MSI-H.S.1	A[C>G]G	0.007197718322287001	0.0	0.9759074268234094	8.357474701928482e-14	0.0	0.0	0.0	0.0	0.0	0.0	0.0	0.0	0.0	0.0	0.016894854854220053	0.0	0.0	0.0	0.0	0.0
Liver-HCC::MSI-H.S.1	A[C>G]T	0.011739795786668845	0.0	0.9428851814816127	0.015741665269293652	0.0	0.0	0.0	0.0	0.0	0.0	0.0	0.0	0.0	0.0	0.029633357462424778	0.0	0.0	0.0	0.0	0.0
Liver-HCC::MSI-H.S.1	A[C>T]A	0.03487700219281249	0.0	0.4122857313681318	0.5381691441293616	0.0	0.0	0.0	0.0	0.0	0.0	0.0	0.0	0.0	0.0	0.014668122309694172	0.0	0.0	0.0	0.0	0.0
Liver-HCC::MSI-H.S.1	A[C>T]C	0.019971958346064984	0.0	0.5127883598797387	0.435512532804484	0.0	0.0	0.0	0.0	0.0	0.0	0.0	0.0	0.0	0.0	0.03172714896971229	0.0	0.0	0.0	0.0	0.0
Liver-HCC::MSI-H.S.1	A[C>T]G	0.313501952225486	0.0	0.04811909179517989	0.6202835469890178	0.0	0.0	0.0	0.0	0.0	0.0	0.0	0.0	0.0	0.0	0.018095408990316336	0.0	0.0	0.0	0.0	0.0
Liver-HCC::MSI-H.S.1	A[C>T]T	0.027510511606396493	0.0	0.5727134735010228	0.3681072468903223	0.0	0.0	0.0	0.0	0.0	0.0	0.0	0.0	0.0	0.0	0.03166876800225836	0.0	0.0	0.0	0.0	0.0
Liver-HCC::MSI-H.S.1	A[T>A]A	0.010766988120861357	0.0	0.9004139625183326	0.007957585195139387	0.0	0.0	0.0	0.0	0.0	0.0	0.0	0.0	0.0	0.0	0.08086146416566681	0.0	0.0	0.0	0.0	0.0
Liver-HCC::MSI-H.S.1	A[T>A]C	0.027111854313231914	0.0	0.7637815649261898	0.0399492161850871	0.0	0.0	0.0	0.0	0.0	0.0	0.0	0.0	0.0	0.0	0.1691573645754912	0.0	0.0	0.0	0.0	0.0
Liver-HCC::MSI-H.S.1	A[T>A]G	0.013211893668307993	0.0	0.9581572767661181	1.5475220947702273e-14	0.0	0.0	0.0	0.0	0.0	0.0	0.0	0.0	0.0	0.0	0.028630829565558367	0.0	0.0	0.0	0.0	0.0
Liver-HCC::MSI-H.S.1	A[T>A]T	0.0023308278008610465	0.0	0.7158689837452912	0.12724182126582867	0.0	0.0	0.0	0.0	0.0	0.0	0.0	0.0	0.0	0.0	0.154558367188019	0.0	0.0	0.0	0.0	0.0
Liver-HCC::MSI-H.S.1	A[T>C]A	0.0014185399021386963	0.0	0.545053150626151	0.01730889562349208	0.0	0.0	0.0	0.0	0.0	0.0	0.0	0.0	0.0	0.0	0.4362194138482181	0.0	0.0	0.0	0.0	0.0
Liver-HCC::MSI-H.S.1	A[T>C]C	0.01296480942037233	0.0	0.5180588321093305	0.029002326341316043	0.0	0.0	0.0	0.0	0.0	0.0	0.0	0.0	0.0	0.0	0.4399740321289813	0.0	0.0	0.0	0.0	0.0
Liver-HCC::MSI-H.S.1	A[T>C]G	0.0001553790409365049	0.0	0.5076107503942859	0.03740359830427077	0.0	0.0	0.0	0.0	0.0	0.0	0.0	0.0	0.0	0.0	0.4548302722605068	0.0	0.0	0.0	0.0	0.0
Liver-HCC::MSI-H.S.1	A[T>C]T	0.011411485368204145	0.0	0.6902566623850458	0.00600613781105103	0.0	0.0	0.0	0.0	0.0	0.0	0.0	0.0	0.0	0.0	0.29232571443569894	0.0	0.0	0.0	0.0	0.0
Liver-HCC::MSI-H.S.1	A[T>G]A	0.0036704803113391067	0.0	0.7467275630897214	0.003298753932342454	0.0	0.0	0.0	0.0	0.0	0.0	0.0	0.0	0.0	0.0	0.2463032026665971	0.0	0.0	0.0	0.0	0.0
Liver-HCC::MSI-H.S.1	A[T>G]C	0.005913485297713405	0.0	0.673329428159777	0.03507233705428938	0.0	0.0	0.0	0.0	0.0	0.0	0.0	0.0	0.0	0.0	0.28568474948822015	0.0	0.0	0.0	0.0	0.0
Liver-HCC::MSI-H.S.1	A[T>G]G	0.003270610810628293	0.0	0.8784064008816554	0.00785850786003232	0.0	0.0	0.0	0.0	0.0	0.0	0.0	0.0	0.0	0.0	0.11046448044768395	0.0	0.0	0.0	0.0	0.0
Liver-HCC::MSI-H.S.1	A[T>G]T	0.0016078144664235766	0.0	0.6285591993596271	0.033347765574247026	0.0	0.0	0.0	0.0	0.0	0.0	0.0	0.0	0.0	0.0	0.33648522059970226	0.0	0.0	0.0	0.0	0.0
Liver-HCC::MSI-H.S.1	C[C>A]A	0.0037057492590985286	0.0	0.800004428738683	0.13009331077774805	0.0	0.0	0.0	0.0	0.0	0.0	0.0	0.0	0.0	0.0	0.06619651122447033	0.0	0.0	0.0	0.0	0.0
Liver-HCC::MSI-H.S.1	C[C>A]C	0.02033314808544151	0.0	0.6322684471272906	0.2795995529046567	0.0	0.0	0.0	0.0	0.0	0.0	0.0	0.0	0.0	0.0	0.06779885188261127	0.0	0.0	0.0	0.0	0.0
Liver-HCC::MSI-H.S.1	C[C>A]G	0.0021761730895013243	0.0	0.7325079028510518	0.23189971700640616	0.0	0.0	0.0	0.0	0.0	0.0	0.0	0.0	0.0	0.0	0.03341620705304061	0.0	0.0	0.0	0.0	0.0
Liver-HCC::MSI-H.S.1	C[C>A]T	1.5394623534423876e-15	0.0	0.40622589044074026	0.39890931130550716	0.0	0.0	0.0	0.0	0.0	0.0	0.0	0.0	0.0	0.0	0.19486479825375103	0.0	0.0	0.0	0.0	0.0
Liver-HCC::MSI-H.S.1	C[C>G]A	0.0003718217973255159	0.0	0.9736115907148216	0.0038146986686556764	0.0	0.0	0.0	0.0	0.0	0.0	0.0	0.0	0.0	0.0	0.02220188881919716	0.0	0.0	0.0	0.0	0.0
Liver-HCC::MSI-H.S.1	C[C>G]C	0.0009163546405199226	0.0	0.9812244088164483	0.0026702130617521106	0.0	0.0	0.0	0.0	0.0	0.0	0.0	0.0	0.0	0.0	0.015189023481279675	0.0	0.0	0.0	0.0	0.0
Liver-HCC::MSI-H.S.1	C[C>G]G	0.01491749512620572	0.0	0.9566097269196148	0.021488442573149056	0.0	0.0	0.0	0.0	0.0	0.0	0.0	0.0	0.0	0.0	0.006984335381030486	0.0	0.0	0.0	0.0	0.0
Liver-HCC::MSI-H.S.1	C[C>G]T	2.5066027685287733e-15	0.0	0.9712527135857435	0.0009737416727374911	0.0	0.0	0.0	0.0	0.0	0.0	0.0	0.0	0.0	0.0	0.02777354474151641	0.0	0.0	0.0	0.0	0.0
Liver-HCC::MSI-H.S.1	C[C>T]A	0.0075076976709408305	0.0	0.6601766269786586	0.3072397326275724	0.0	0.0	0.0	0.0	0.0	0.0	0.0	0.0	0.0	0.0	0.025075942722828096	0.0	0.0	0.0	0.0	0.0
Liver-HCC::MSI-H.S.1	C[C>T]C	0.000989863445864949	0.0	0.631461152513398	0.3265388061670167	0.0	0.0	0.0	0.0	0.0	0.0	0.0	0.0	0.0	0.0	0.04101017787372041	0.0	0.0	0.0	0.0	0.0
Liver-HCC::MSI-H.S.1	C[C>T]G	0.17784931776318655	0.0	0.14395135821695118	0.6662198876733145	0.0	0.0	0.0	0.0	0.0	0.0	0.0	0.0	0.0	0.0	0.011979436346547712	0.0	0.0	0.0	0.0	0.0
Liver-HCC::MSI-H.S.1	C[C>T]T	0.0006551327212441944	0.0	0.6999489485788939	0.277596215146922	0.0	0.0	0.0	0.0	0.0	0.0	0.0	0.0	0.0	0.0	0.021799703552939774	0.0	0.0	0.0	0.0	0.0
Liver-HCC::MSI-H.S.1	C[T>A]A	0.0011854714739035646	0.0	0.8848804639267734	0.011045808107391265	0.0	0.0	0.0	0.0	0.0	0.0	0.0	0.0	0.0	0.0	0.10288825649193167	0.0	0.0	0.0	0.0	0.0
Liver-HCC::MSI-H.S.1	C[T>A]C	0.006957080151479121	0.0	0.8328813904986242	0.05870124180891621	0.0	0.0	0.0	0.0	0.0	0.0	0.0	0.0	0.0	0.0	0.10146028754098037	0.0	0.0	0.0	0.0	0.0
Liver-HCC::MSI-H.S.1	C[T>A]G	0.0063605069464927316	0.0	0.8915931897853022	0.013586469863439195	0.0	0.0	0.0	0.0	0.0	0.0	0.0	0.0	0.0	0.0	0.08845983340476593	0.0	0.0	0.0	0.0	0.0
Liver-HCC::MSI-H.S.1	C[T>A]T	0.006066879056979024	0.0	0.9095829430733753	0.025136598492872923	0.0	0.0	0.0	0.0	0.0	0.0	0.0	0.0	0.0	0.0	0.059213579376772726	0.0	0.0	0.0	0.0	0.0
Liver-HCC::MSI-H.S.1	C[T>C]A	6.633775215326416e-16	0.0	0.35872880812064945	0.029723681627859554	0.0	0.0	0.0	0.0	0.0	0.0	0.0	0.0	0.0	0.0	0.6115475102514902	0.0	0.0	0.0	0.0	0.0
Liver-HCC::MSI-H.S.1	C[T>C]C	0.011047189567248098	0.0	0.4166071371416505	0.027391175811454085	0.0	0.0	0.0	0.0	0.0	0.0	0.0	0.0	0.0	0.0	0.5449544974796474	0.0	0.0	0.0	0.0	0.0
Liver-HCC::MSI-H.S.1	C[T>C]G	0.0006766766799156944	0.0	0.35442435396751715	0.0601799602431376	0.0	0.0	0.0	0.0	0.0	0.0	0.0	0.0	0.0	0.0	0.5847190091094296	0.0	0.0	0.0	0.0	0.0
Liver-HCC::MSI-H.S.1	C[T>C]T	0.00011761536830692602	0.0	0.3729919543567656	0.021105553649638654	0.0	0.0	0.0	0.0	0.0	0.0	0.0	0.0	0.0	0.0	0.6057848766252888	0.0	0.0	0.0	0.0	0.0
Liver-HCC::MSI-H.S.1	C[T>G]A	0.0012062364702825083	0.0	0.7979258937673895	0.010118355027562094	0.0	0.0	0.0	0.0	0.0	0.0	0.0	0.0	0.0	0.0	0.1907495147347659	0.0	0.0	0.0	0.0	0.0
Liver-HCC::MSI-H.S.1	C[T>G]C	0.0032001248622063453	0.0	0.630830732191311	0.07122099421918407	0.0	0.0	0.0	0.0	0.0	0.0	0.0	0.0	0.0	0.0	0.29474814872729854	0.0	0.0	0.0	0.0	0.0
Liver-HCC::MSI-H.S.1	C[T>G]G	0.00153779981918065	0.0	0.6676225122573343	0.06680710030080178	0.0	0.0	0.0	0.0	0.0	0.0	0.0	0.0	0.0	0.0	0.2640325876226834	0.0	0.0	0.0	0.0	0.0
Liver-HCC::MSI-H.S.1	C[T>G]T	0.0016285333998235672	0.0	0.6302399470594897	0.07450861107621029	0.0	0.0	0.0	0.0	0.0	0.0	0.0	0.0	0.0	0.0	0.29362290846447636	0.0	0.0	0.0	0.0	0.0
Liver-HCC::MSI-H.S.1	G[C>A]A	0.016028202060450535	0.0	0.9380146675053332	0.02606856858923921	0.0	0.0	0.0	0.0	0.0	0.0	0.0	0.0	0.0	0.0	0.019888561844976872	0.0	0.0	0.0	0.0	0.0
Liver-HCC::MSI-H.S.1	G[C>A]C	0.004356455892114208	0.0	0.8912035162461306	0.07061003119135591	0.0	0.0	0.0	0.0	0.0	0.0	0.0	0.0	0.0	0.0	0.033829996670399334	0.0	0.0	0.0	0.0	0.0
Liver-HCC::MSI-H.S.1	G[C>A]G	0.024000177195840054	0.0	0.8673092113437818	0.08784288856600043	0.0	0.0	0.0	0.0	0.0	0.0	0.0	0.0	0.0	0.0	0.020847722894377568	0.0	0.0	0.0	0.0	0.0
Liver-HCC::MSI-H.S.1	G[C>A]T	3.0771447703127523e-15	0.0	0.8532693252300547	0.10216136901438573	0.0	0.0	0.0	0.0	0.0	0.0	0.0	0.0	0.0	0.0	0.04456930575555631	0.0	0.0	0.0	0.0	0.0
Liver-HCC::MSI-H.S.1	G[C>G]A	0.00021735696359313398	0.0	0.96174402529029	0.0026451925683713593	0.0	0.0	0.0	0.0	0.0	0.0	0.0	0.0	0.0	0.0	0.035393425177745394	0.0	0.0	0.0	0.0	0.0
Liver-HCC::MSI-H.S.1	G[C>G]C	0.0031162869169472783	0.0	0.8750627641145371	0.0783332786433408	0.0	0.0	0.0	0.0	0.0	0.0	0.0	0.0	0.0	0.0	0.04348767032517468	0.0	0.0	0.0	0.0	0.0
Liver-HCC::MSI-H.S.1	G[C>G]G	0.011734522052562719	0.0	0.9676473090478448	9.439196789648569e-14	0.0	0.0	0.0	0.0	0.0	0.0	0.0	0.0	0.0	0.0	0.020618168899498118	0.0	0.0	0.0	0.0	0.0
Liver-HCC::MSI-H.S.1	G[C>G]T	3.4807040140100336e-15	0.0	0.9510211965276631	0.03015823553149493	0.0	0.0	0.0	0.0	0.0	0.0	0.0	0.0	0.0	0.0	0.01882056794083843	0.0	0.0	0.0	0.0	0.0
Liver-HCC::MSI-H.S.1	G[C>T]A	0.005884898617141767	0.0	0.23309839957938472	0.7466094030248255	0.0	0.0	0.0	0.0	0.0	0.0	0.0	0.0	0.0	0.0	0.014407298778648207	0.0	0.0	0.0	0.0	0.0
Liver-HCC::MSI-H.S.1	G[C>T]C	0.00010478593834650901	0.0	0.22114009632883638	0.7544262186813955	0.0	0.0	0.0	0.0	0.0	0.0	0.0	0.0	0.0	0.0	0.024328899051421573	0.0	0.0	0.0	0.0	0.0
Liver-HCC::MSI-H.S.1	G[C>T]G	0.15275366134976345	0.0	0.07813071646461892	0.7506141857957819	0.0	0.0	0.0	0.0	0.0	0.0	0.0	0.0	0.0	0.0	0.01850143638983586	0.0	0.0	0.0	0.0	0.0
Liver-HCC::MSI-H.S.1	G[C>T]T	6.035846270681056e-05	0.0	0.26508100338919055	0.7039124434874319	0.0	0.0	0.0	0.0	0.0	0.0	0.0	0.0	0.0	0.0	0.03094619466067073	0.0	0.0	0.0	0.0	0.0
Liver-HCC::MSI-H.S.1	G[T>A]A	0.002208980544846209	0.0	0.9052335020799224	0.008346543293647094	0.0	0.0	0.0	0.0	0.0	0.0	0.0	0.0	0.0	0.0	0.08421097408158434	0.0	0.0	0.0	0.0	0.0
Liver-HCC::MSI-H.S.1	G[T>A]C	0.003794404429130855	0.0	0.7759400427451607	0.08656132740214548	0.0	0.0	0.0	0.0	0.0	0.0	0.0	0.0	0.0	0.0	0.1337042254235629	0.0	0.0	0.0	0.0	0.0
Liver-HCC::MSI-H.S.1	G[T>A]G	0.00598816160385316	0.0	0.9069456201803434	0.028566313445216186	0.0	0.0	0.0	0.0	0.0	0.0	0.0	0.0	0.0	0.0	0.058499904770587294	0.0	0.0	0.0	0.0	0.0
Liver-HCC::MSI-H.S.1	G[T>A]T	0.007535651863965825	0.0	0.8525861224507144	0.04359273171918111	0.0	0.0	0.0	0.0	0.0	0.0	0.0	0.0	0.0	0.0	0.09628549396613875	0.0	0.0	0.0	0.0	0.0
Liver-HCC::MSI-H.S.1	G[T>C]A	0.0022133789320013734	0.0	0.2694432966330502	0.032603294621585004	0.0	0.0	0.0	0.0	0.0	0.0	0.0	0.0	0.0	0.0	0.6957400298133635	0.0	0.0	0.0	0.0	0.0
Liver-HCC::MSI-H.S.1	G[T>C]C	0.010639161221883641	0.0	0.4030472486491881	0.03740576722986308	0.0	0.0	0.0	0.0	0.0	0.0	0.0	0.0	0.0	0.0	0.5489078228990651	0.0	0.0	0.0	0.0	0.0
Liver-HCC::MSI-H.S.1	G[T>C]G	0.002700046328554293	0.0	0.31380375338220845	0.03402616678644461	0.0	0.0	0.0	0.0	0.0	0.0	0.0	0.0	0.0	0.0	0.6494700335027928	0.0	0.0	0.0	0.0	0.0
Liver-HCC::MSI-H.S.1	G[T>C]T	0.00020490331914372145	0.0	0.3569757831238567	0.015672073051777077	0.0	0.0	0.0	0.0	0.0	0.0	0.0	0.0	0.0	0.0	0.6271472405052225	0.0	0.0	0.0	0.0	0.0
Liver-HCC::MSI-H.S.1	G[T>G]A	7.817311147839285e-15	0.0	0.8009617348447851	0.009173655032070311	0.0	0.0	0.0	0.0	0.0	0.0	0.0	0.0	0.0	0.0	0.1898646101231368	0.0	0.0	0.0	0.0	0.0
Liver-HCC::MSI-H.S.1	G[T>G]C	1.033838554176369e-14	0.0	0.7187910549970669	0.05943832572624585	0.0	0.0	0.0	0.0	0.0	0.0	0.0	0.0	0.0	0.0	0.221770619276677	0.0	0.0	0.0	0.0	0.0
Liver-HCC::MSI-H.S.1	G[T>G]G	0.005865319944433004	0.0	0.8097848697775208	0.027792266060547573	0.0	0.0	0.0	0.0	0.0	0.0	0.0	0.0	0.0	0.0	0.15655754421749862	0.0	0.0	0.0	0.0	0.0
Liver-HCC::MSI-H.S.1	G[T>G]T	0.0002921344188230804	0.0	0.42634033976206515	0.0947857373933882	0.0	0.0	0.0	0.0	0.0	0.0	0.0	0.0	0.0	0.0	0.4785817884257237	0.0	0.0	0.0	0.0	0.0
Liver-HCC::MSI-H.S.1	T[C>A]A	0.000852522235970586	0.0	0.9233387462747279	0.02776311891189644	0.0	0.0	0.0	0.0	0.0	0.0	0.0	0.0	0.0	0.0	0.04804561257740521	0.0	0.0	0.0	0.0	0.0
Liver-HCC::MSI-H.S.1	T[C>A]C	0.027757686676533083	0.0	0.9120396279388796	0.03288165344098631	0.0	0.0	0.0	0.0	0.0	0.0	0.0	0.0	0.0	0.0	0.027321031943600856	0.0	0.0	0.0	0.0	0.0
Liver-HCC::MSI-H.S.1	T[C>A]G	9.891778055120942e-15	0.0	0.9250304498888441	0.05339971079372708	0.0	0.0	0.0	0.0	0.0	0.0	0.0	0.0	0.0	0.0	0.021569839317419078	0.0	0.0	0.0	0.0	0.0
Liver-HCC::MSI-H.S.1	T[C>A]T	4.6969887316994454e-05	0.0	0.9198237945295702	0.03591713682149787	0.0	0.0	0.0	0.0	0.0	0.0	0.0	0.0	0.0	0.0	0.04421209876161492	0.0	0.0	0.0	0.0	0.0
Liver-HCC::MSI-H.S.1	T[C>G]A	2.9230409012196792e-15	0.0	0.9281961351676679	0.003919106186567985	0.0	0.0	0.0	0.0	0.0	0.0	0.0	0.0	0.0	0.0	0.06788475864576134	0.0	0.0	0.0	0.0	0.0
Liver-HCC::MSI-H.S.1	T[C>G]C	0.002791375099733883	0.0	0.9473652187202578	0.009351094103791872	0.0	0.0	0.0	0.0	0.0	0.0	0.0	0.0	0.0	0.0	0.04049231207621633	0.0	0.0	0.0	0.0	0.0
Liver-HCC::MSI-H.S.1	T[C>G]G	0.00434905486891481	0.0	0.9716060701346505	0.0007351409927103149	0.0	0.0	0.0	0.0	0.0	0.0	0.0	0.0	0.0	0.0	0.023309734003724256	0.0	0.0	0.0	0.0	0.0
Liver-HCC::MSI-H.S.1	T[C>G]T	0.012542019556126193	0.0	0.9110337636774313	0.006193181233844778	0.0	0.0	0.0	0.0	0.0	0.0	0.0	0.0	0.0	0.0	0.07023103553259764	0.0	0.0	0.0	0.0	0.0
Liver-HCC::MSI-H.S.1	T[C>T]A	0.004105677500805977	0.0	0.6806745849295023	0.2671190042983979	0.0	0.0	0.0	0.0	0.0	0.0	0.0	0.0	0.0	0.0	0.04810073327129391	0.0	0.0	0.0	0.0	0.0
Liver-HCC::MSI-H.S.1	T[C>T]C	0.0001323729354463445	0.0	0.7400770134597668	0.22429441301756994	0.0	0.0	0.0	0.0	0.0	0.0	0.0	0.0	0.0	0.0	0.035496200587216864	0.0	0.0	0.0	0.0	0.0
Liver-HCC::MSI-H.S.1	T[C>T]G	0.19048394960521317	0.0	0.24959990443343863	0.5419143757251499	0.0	0.0	0.0	0.0	0.0	0.0	0.0	0.0	0.0	0.0	0.018001770236198273	0.0	0.0	0.0	0.0	0.0
Liver-HCC::MSI-H.S.1	T[C>T]T	9.256960639670008e-16	0.0	0.790390227775659	0.17465438215204357	0.0	0.0	0.0	0.0	0.0	0.0	0.0	0.0	0.0	0.0	0.034955390072296394	0.0	0.0	0.0	0.0	0.0
Liver-HCC::MSI-H.S.1	T[T>A]A	0.09448720494797669	0.0	0.8042936186982579	0.03841679797097119	0.0	0.0	0.0	0.0	0.0	0.0	0.0	0.0	0.0	0.0	0.0628023783827943	0.0	0.0	0.0	0.0	0.0
Liver-HCC::MSI-H.S.1	T[T>A]C	5.161507580581766e-15	0.0	0.8688218614465605	0.015882435817659492	0.0	0.0	0.0	0.0	0.0	0.0	0.0	0.0	0.0	0.0	0.1152957027357749	0.0	0.0	0.0	0.0	0.0
Liver-HCC::MSI-H.S.1	T[T>A]G	0.0006259087671391592	0.0	0.970838989266296	0.003967122690691803	0.0	0.0	0.0	0.0	0.0	0.0	0.0	0.0	0.0	0.0	0.024567979275873026	0.0	0.0	0.0	0.0	0.0
Liver-HCC::MSI-H.S.1	T[T>A]T	0.02519228742636437	0.0	0.8881264863354182	0.02870494895046107	0.0	0.0	0.0	0.0	0.0	0.0	0.0	0.0	0.0	0.0	0.05797627728775628	0.0	0.0	0.0	0.0	0.0
Liver-HCC::MSI-H.S.1	T[T>C]A	0.0007510235955206915	0.0	0.4805825414485398	0.026232338778711523	0.0	0.0	0.0	0.0	0.0	0.0	0.0	0.0	0.0	0.0	0.4924340961772281	0.0	0.0	0.0	0.0	0.0
Liver-HCC::MSI-H.S.1	T[T>C]C	0.015264190671863702	0.0	0.3963462585858326	0.02953671210665232	0.0	0.0	0.0	0.0	0.0	0.0	0.0	0.0	0.0	0.0	0.5588528386356514	0.0	0.0	0.0	0.0	0.0
Liver-HCC::MSI-H.S.1	T[T>C]G	0.0016765370312454098	0.0	0.4639861533957399	0.05166079383606593	0.0	0.0	0.0	0.0	0.0	0.0	0.0	0.0	0.0	0.0	0.48267651573694886	0.0	0.0	0.0	0.0	0.0
Liver-HCC::MSI-H.S.1	T[T>C]T	0.010576599417473086	0.0	0.40964860576696827	0.02557813913667403	0.0	0.0	0.0	0.0	0.0	0.0	0.0	0.0	0.0	0.0	0.5541966556788847	0.0	0.0	0.0	0.0	0.0
Liver-HCC::MSI-H.S.1	T[T>G]A	4.159315930476363e-15	0.0	0.8827673093792139	0.011788180792039032	0.0	0.0	0.0	0.0	0.0	0.0	0.0	0.0	0.0	0.0	0.10544450982874279	0.0	0.0	0.0	0.0	0.0
Liver-HCC::MSI-H.S.1	T[T>G]C	0.0008095642829524508	0.0	0.8739010727367476	0.025381644711570173	0.0	0.0	0.0	0.0	0.0	0.0	0.0	0.0	0.0	0.0	0.09990771826872971	0.0	0.0	0.0	0.0	0.0
Liver-HCC::MSI-H.S.1	T[T>G]G	0.007603847773729893	0.0	0.8205523641271543	0.025431518315171875	0.0	0.0	0.0	0.0	0.0	0.0	0.0	0.0	0.0	0.0	0.14641226978394395	0.0	0.0	0.0	0.0	0.0
Liver-HCC::MSI-H.S.1	T[T>G]T	1.344652040636838e-15	0.0	0.7380699870483595	0.03665769810954279	0.0	0.0	0.0	0.0	0.0	0.0	0.0	0.0	0.0	0.0	0.2252723148420964	0.0	0.0	0.0	0.0	0.0
