Sample Names	MutationType	SBS1	SBS2	SBS5	SBS7a	SBS7b	SBS7c	SBS7d	SBS13	SBS17a	SBS17b	SBS38	SBS40
Skin-Melanoma::MSI-H.S.1	A[C>A]A	0.038145287011470914	0.0	0.0	0.053831509612637926	0.9080232033758912	0.0	0.0	0.0	0.0	0.0	0.0	0.0
Skin-Melanoma::MSI-H.S.1	A[C>A]C	0.2327598077857801	0.0	0.0	0.34124156826489477	0.4259986239493252	0.0	0.0	0.0	0.0	0.0	0.0	0.0
Skin-Melanoma::MSI-H.S.1	A[C>A]G	0.055497022090835346	0.0	0.0	0.41661211296276907	0.5278908649463956	0.0	0.0	0.0	0.0	0.0	0.0	0.0
Skin-Melanoma::MSI-H.S.1	A[C>A]T	0.10374534090659793	0.0	0.0	0.37535887797171696	0.5208957811216851	0.0	0.0	0.0	0.0	0.0	0.0	0.0
Skin-Melanoma::MSI-H.S.1	A[C>G]A	0.5907280218668849	0.0	0.0	0.3846571607161486	0.024614817416966632	0.0	0.0	0.0	0.0	0.0	0.0	0.0
Skin-Melanoma::MSI-H.S.1	A[C>G]C	0.36594013975740614	0.0	0.0	0.12090890034417981	0.5131509598984141	0.0	0.0	0.0	0.0	0.0	0.0	0.0
Skin-Melanoma::MSI-H.S.1	A[C>G]G	0.02041110401051486	0.0	0.0	0.1682629065686149	0.8113259894208702	0.0	0.0	0.0	0.0	0.0	0.0	0.0
Skin-Melanoma::MSI-H.S.1	A[C>G]T	0.2070582857286386	0.0	0.0	0.3243801686331854	0.468561545638176	0.0	0.0	0.0	0.0	0.0	0.0	0.0
Skin-Melanoma::MSI-H.S.1	A[C>T]A	0.6243565393529148	0.0	0.0	0.05689682337581072	0.31874663727127445	0.0	0.0	0.0	0.0	0.0	0.0	0.0
Skin-Melanoma::MSI-H.S.1	A[C>T]C	0.009270646318811306	0.0	0.0	0.4848446501172989	0.5058847035638899	0.0	0.0	0.0	0.0	0.0	0.0	0.0
Skin-Melanoma::MSI-H.S.1	A[C>T]G	0.9867128601385529	0.0	0.0	1.1250121115667847e-14	0.013287139861435879	0.0	0.0	0.0	0.0	0.0	0.0	0.0
Skin-Melanoma::MSI-H.S.1	A[C>T]T	0.038958940403140165	0.0	0.0	0.5634843901998163	0.3975566693970435	0.0	0.0	0.0	0.0	0.0	0.0	0.0
Skin-Melanoma::MSI-H.S.1	A[T>A]A	0.013430389450962577	0.0	0.0	0.608186515288324	0.37838309526071345	0.0	0.0	0.0	0.0	0.0	0.0	0.0
Skin-Melanoma::MSI-H.S.1	A[T>A]C	0.11756191131527527	0.0	0.0	0.659588205244141	0.22284988344058382	0.0	0.0	0.0	0.0	0.0	0.0	0.0
Skin-Melanoma::MSI-H.S.1	A[T>A]G	0.043474302895505273	0.0	0.0	0.4180250086663041	0.5385006884381907	0.0	0.0	0.0	0.0	0.0	0.0	0.0
Skin-Melanoma::MSI-H.S.1	A[T>A]T	0.0012664097871519834	0.0	0.0	0.47944049004526346	0.5192931001675846	0.0	0.0	0.0	0.0	0.0	0.0	0.0
Skin-Melanoma::MSI-H.S.1	A[T>C]A	0.0559747894714337	0.0	0.0	0.46989244060125707	0.4741327699273093	0.0	0.0	0.0	0.0	0.0	0.0	0.0
Skin-Melanoma::MSI-H.S.1	A[T>C]C	0.26651252598879593	0.0	0.0	0.3716255751371245	0.3618618988740795	0.0	0.0	0.0	0.0	0.0	0.0	0.0
Skin-Melanoma::MSI-H.S.1	A[T>C]G	0.0061715252762563995	0.0	0.0	0.20331193797059535	0.7905165367531483	0.0	0.0	0.0	0.0	0.0	0.0	0.0
Skin-Melanoma::MSI-H.S.1	A[T>C]T	0.15646384313301315	0.0	0.0	0.31304967811997225	0.5304864787470147	0.0	0.0	0.0	0.0	0.0	0.0	0.0
Skin-Melanoma::MSI-H.S.1	A[T>G]A	0.017606851320114157	0.0	0.0	0.9041686658260426	0.07822448285384324	0.0	0.0	0.0	0.0	0.0	0.0	0.0
Skin-Melanoma::MSI-H.S.1	A[T>G]C	0.015615930265572054	0.0	0.0	0.3479602412488245	0.6364238284856034	0.0	0.0	0.0	0.0	0.0	0.0	0.0
Skin-Melanoma::MSI-H.S.1	A[T>G]G	0.014310054557274536	0.0	0.0	0.2752015736643617	0.7104883717783638	0.0	0.0	0.0	0.0	0.0	0.0	0.0
Skin-Melanoma::MSI-H.S.1	A[T>G]T	0.008947689040086347	0.0	0.0	0.4609860103165614	0.5300663006433523	0.0	0.0	0.0	0.0	0.0	0.0	0.0
Skin-Melanoma::MSI-H.S.1	C[C>A]A	0.016311429424822402	0.0	0.0	0.44420689824101994	0.5394816723341578	0.0	0.0	0.0	0.0	0.0	0.0	0.0
Skin-Melanoma::MSI-H.S.1	C[C>A]C	0.08816863276387725	0.0	0.0	0.22075416760315622	0.6910771996329667	0.0	0.0	0.0	0.0	0.0	0.0	0.0
Skin-Melanoma::MSI-H.S.1	C[C>A]G	0.024610612094084133	0.0	0.0	1.0991144252202262e-12	0.9753893879048168	0.0	0.0	0.0	0.0	0.0	0.0	0.0
Skin-Melanoma::MSI-H.S.1	C[C>A]T	1.0911321088227939e-14	0.0	0.0	0.33996122672246054	0.6600387732775286	0.0	0.0	0.0	0.0	0.0	0.0	0.0
Skin-Melanoma::MSI-H.S.1	C[C>G]A	0.005778620100670404	0.0	0.0	9.980297936033655e-13	0.9942213798983316	0.0	0.0	0.0	0.0	0.0	0.0	0.0
Skin-Melanoma::MSI-H.S.1	C[C>G]C	0.006848113529704561	0.0	0.0	0.21816961827930206	0.7749822681909934	0.0	0.0	0.0	0.0	0.0	0.0	0.0
Skin-Melanoma::MSI-H.S.1	C[C>G]G	0.0392851520203849	0.0	0.0	0.16162277134957914	0.7990920766300359	0.0	0.0	0.0	0.0	0.0	0.0	0.0
Skin-Melanoma::MSI-H.S.1	C[C>G]T	2.2653923951209285e-14	0.0	0.0	0.18146047978069493	0.8185395202192823	0.0	0.0	0.0	0.0	0.0	0.0	0.0
Skin-Melanoma::MSI-H.S.1	C[C>T]A	0.001050288905128234	0.0	0.0	0.49032637693357456	0.5086233341612972	0.0	0.0	0.0	0.0	0.0	0.0	0.0
Skin-Melanoma::MSI-H.S.1	C[C>T]C	0.00010073265221940534	0.0	0.0	0.3852724726499001	0.6146267946978804	0.0	0.0	0.0	0.0	0.0	0.0	0.0
Skin-Melanoma::MSI-H.S.1	C[C>T]G	0.37594962488094824	0.0	0.0	0.2403435592786168	0.38370681584043487	0.0	0.0	0.0	0.0	0.0	0.0	0.0
Skin-Melanoma::MSI-H.S.1	C[C>T]T	8.918563036838666e-05	0.0	0.0	0.480940380466996	0.5189704339026355	0.0	0.0	0.0	0.0	0.0	0.0	0.0
Skin-Melanoma::MSI-H.S.1	C[T>A]A	0.003187861383779108	0.0	0.0	0.245085635890579	0.7517265027256419	0.0	0.0	0.0	0.0	0.0	0.0	0.0
Skin-Melanoma::MSI-H.S.1	C[T>A]C	0.028195306911809038	0.0	0.0	0.34967138651261814	0.6221333065755729	0.0	0.0	0.0	0.0	0.0	0.0	0.0
Skin-Melanoma::MSI-H.S.1	C[T>A]G	0.03112924686857206	0.0	0.0	0.20094617586567623	0.7679245772657517	0.0	0.0	0.0	0.0	0.0	0.0	0.0
Skin-Melanoma::MSI-H.S.1	C[T>A]T	0.03170020742691029	0.0	0.0	0.8446939852995162	0.12360580727357345	0.0	0.0	0.0	0.0	0.0	0.0	0.0
Skin-Melanoma::MSI-H.S.1	C[T>C]A	1.0011165958977529e-14	0.0	0.0	0.37815507824997086	0.6218449217500192	0.0	0.0	0.0	0.0	0.0	0.0	0.0
Skin-Melanoma::MSI-H.S.1	C[T>C]C	0.167335513577518	0.0	0.0	0.32373071581977464	0.5089337706027073	0.0	0.0	0.0	0.0	0.0	0.0	0.0
Skin-Melanoma::MSI-H.S.1	C[T>C]G	0.040404508465771066	0.0	0.0	0.21797108002873417	0.7416244115054947	0.0	0.0	0.0	0.0	0.0	0.0	0.0
Skin-Melanoma::MSI-H.S.1	C[T>C]T	0.0004958613379778162	0.0	0.0	0.39567220195148567	0.6038319367105365	0.0	0.0	0.0	0.0	0.0	0.0	0.0
Skin-Melanoma::MSI-H.S.1	C[T>G]A	0.007305830611669309	0.0	0.0	0.3238175347307229	0.6688766346576078	0.0	0.0	0.0	0.0	0.0	0.0	0.0
Skin-Melanoma::MSI-H.S.1	C[T>G]C	0.020013383825656626	0.0	0.0	0.3032141876649903	0.6767724285093532	0.0	0.0	0.0	0.0	0.0	0.0	0.0
Skin-Melanoma::MSI-H.S.1	C[T>G]G	0.010843080752989755	0.0	0.0	3.5253407176119203e-13	0.9891569192466577	0.0	0.0	0.0	0.0	0.0	0.0	0.0
Skin-Melanoma::MSI-H.S.1	C[T>G]T	0.24468449462189187	0.0	0.0	0.7076386894607359	0.04767681591737222	0.0	0.0	0.0	0.0	0.0	0.0	0.0
Skin-Melanoma::MSI-H.S.1	G[C>A]A	0.17381178049552545	0.0	0.0	0.08334945033197941	0.7428387691724951	0.0	0.0	0.0	0.0	0.0	0.0	0.0
Skin-Melanoma::MSI-H.S.1	G[C>A]C	0.06972232519013145	0.0	0.0	0.5300161167600933	0.40026155804977537	0.0	0.0	0.0	0.0	0.0	0.0	0.0
Skin-Melanoma::MSI-H.S.1	G[C>A]G	0.2877201370144481	0.0	0.0	0.3887547343762813	0.32352512860927063	0.0	0.0	0.0	0.0	0.0	0.0	0.0
Skin-Melanoma::MSI-H.S.1	G[C>A]T	1.6756275549592367e-13	0.0	0.0	3.127584379125045e-12	0.9999999999967049	0.0	0.0	0.0	0.0	0.0	0.0	0.0
Skin-Melanoma::MSI-H.S.1	G[C>G]A	0.011441501326368007	0.0	0.0	0.43646761079057494	0.5520908878830572	0.0	0.0	0.0	0.0	0.0	0.0	0.0
Skin-Melanoma::MSI-H.S.1	G[C>G]C	0.03364116803994454	0.0	0.0	0.12709253861849548	0.8392662933415601	0.0	0.0	0.0	0.0	0.0	0.0	0.0
Skin-Melanoma::MSI-H.S.1	G[C>G]G	0.040905780491952794	0.0	0.0	0.2074000301024296	0.7516941894056175	0.0	0.0	0.0	0.0	0.0	0.0	0.0
Skin-Melanoma::MSI-H.S.1	G[C>G]T	6.77456766275178e-14	0.0	0.0	0.23815382105750696	0.7618461789424253	0.0	0.0	0.0	0.0	0.0	0.0	0.0
Skin-Melanoma::MSI-H.S.1	G[C>T]A	0.32254491816623215	0.0	0.0	0.1152339722463584	0.5622211095874095	0.0	0.0	0.0	0.0	0.0	0.0	0.0
Skin-Melanoma::MSI-H.S.1	G[C>T]C	0.00020318757334775753	0.0	0.0	0.47846320833443406	0.5213336040922182	0.0	0.0	0.0	0.0	0.0	0.0	0.0
Skin-Melanoma::MSI-H.S.1	G[C>T]G	0.9922796595185994	0.0	0.0	0.0004688901209629196	0.0072514503604378	0.0	0.0	0.0	0.0	0.0	0.0	0.0
Skin-Melanoma::MSI-H.S.1	G[C>T]T	0.00010985858234701348	0.0	0.0	0.8602846917019967	0.13960544971565628	0.0	0.0	0.0	0.0	0.0	0.0	0.0
Skin-Melanoma::MSI-H.S.1	G[T>A]A	0.00658403961202565	0.0	0.0	0.6072867651844671	0.3861291952035073	0.0	0.0	0.0	0.0	0.0	0.0	0.0
Skin-Melanoma::MSI-H.S.1	G[T>A]C	0.019459328062176675	0.0	0.0	0.6309882926599999	0.3495523792778234	0.0	0.0	0.0	0.0	0.0	0.0	0.0
Skin-Melanoma::MSI-H.S.1	G[T>A]G	0.021208012700675242	0.0	0.0	0.46687238549604865	0.5119196018032761	0.0	0.0	0.0	0.0	0.0	0.0	0.0
Skin-Melanoma::MSI-H.S.1	G[T>A]T	0.03982489779299688	0.0	0.0	0.8820492770386419	0.07812582516836132	0.0	0.0	0.0	0.0	0.0	0.0	0.0
Skin-Melanoma::MSI-H.S.1	G[T>C]A	0.19648747884348736	0.0	0.0	0.3529435706963986	0.4505689504601141	0.0	0.0	0.0	0.0	0.0	0.0	0.0
Skin-Melanoma::MSI-H.S.1	G[T>C]C	0.578766719819086	0.0	0.0	0.4212332801803019	6.122815481691895e-13	0.0	0.0	0.0	0.0	0.0	0.0	0.0
Skin-Melanoma::MSI-H.S.1	G[T>C]G	0.16002463909727105	0.0	0.0	0.18505181200622442	0.6549235488965044	0.0	0.0	0.0	0.0	0.0	0.0	0.0
Skin-Melanoma::MSI-H.S.1	G[T>C]T	0.0009231658169629632	0.0	0.0	0.19612127169621718	0.8029555624868199	0.0	0.0	0.0	0.0	0.0	0.0	0.0
Skin-Melanoma::MSI-H.S.1	G[T>G]A	4.829795682969493e-14	0.0	0.0	0.3666593167538263	0.6333406832461255	0.0	0.0	0.0	0.0	0.0	0.0	0.0
Skin-Melanoma::MSI-H.S.1	G[T>G]C	4.31661109642335e-14	0.0	0.0	0.43746007897126876	0.5625399210286882	0.0	0.0	0.0	0.0	0.0	0.0	0.0
Skin-Melanoma::MSI-H.S.1	G[T>G]G	0.012326527711710127	0.0	0.0	0.21497151329973607	0.7727019589885538	0.0	0.0	0.0	0.0	0.0	0.0	0.0
Skin-Melanoma::MSI-H.S.1	G[T>G]T	0.0004537288451266895	0.0	0.0	0.4846669003101707	0.5148793708447026	0.0	0.0	0.0	0.0	0.0	0.0	0.0
Skin-Melanoma::MSI-H.S.1	T[C>A]A	0.00195805714664402	0.0	0.0	0.2167590611213711	0.7812828817319849	0.0	0.0	0.0	0.0	0.0	0.0	0.0
Skin-Melanoma::MSI-H.S.1	T[C>A]C	0.054680368574099754	0.0	0.0	0.25668732774931585	0.6886323036765845	0.0	0.0	0.0	0.0	0.0	0.0	0.0
Skin-Melanoma::MSI-H.S.1	T[C>A]G	6.640667541039819e-14	0.0	0.0	0.19120394984251976	0.808796050157414	0.0	0.0	0.0	0.0	0.0	0.0	0.0
Skin-Melanoma::MSI-H.S.1	T[C>A]T	0.00024277136001833345	0.0	0.0	0.47270916505324967	0.527048063586732	0.0	0.0	0.0	0.0	0.0	0.0	0.0
Skin-Melanoma::MSI-H.S.1	T[C>G]A	9.697514742262967e-14	0.0	0.0	1.810055912154914e-12	0.999999999998093	0.0	0.0	0.0	0.0	0.0	0.0	0.0
Skin-Melanoma::MSI-H.S.1	T[C>G]C	0.012834483635926888	0.0	0.0	0.06005576119265084	0.9271097551714222	0.0	0.0	0.0	0.0	0.0	0.0	0.0
Skin-Melanoma::MSI-H.S.1	T[C>G]G	0.019923327975251745	0.0	0.0	0.03402574798067463	0.9460509240440736	0.0	0.0	0.0	0.0	0.0	0.0	0.0
Skin-Melanoma::MSI-H.S.1	T[C>G]T	0.11755537996093929	0.0	0.0	0.3954211186768004	0.48702350136226036	0.0	0.0	0.0	0.0	0.0	0.0	0.0
Skin-Melanoma::MSI-H.S.1	T[C>T]A	0.000246374016066805	0.0	0.0	0.9864733495580263	0.013280276425906831	0.0	0.0	0.0	0.0	0.0	0.0	0.0
Skin-Melanoma::MSI-H.S.1	T[C>T]C	4.609217905255625e-06	0.0	0.0	0.7639412279772931	0.23605416280480154	0.0	0.0	0.0	0.0	0.0	0.0	0.0
Skin-Melanoma::MSI-H.S.1	T[C>T]G	0.054636335018475576	0.0	0.0	0.6872954972690914	0.258068167712433	0.0	0.0	0.0	0.0	0.0	0.0	0.0
Skin-Melanoma::MSI-H.S.1	T[C>T]T	7.6319851486866e-17	0.0	0.0	0.6839588573129969	0.316041142687003	0.0	0.0	0.0	0.0	0.0	0.0	0.0
Skin-Melanoma::MSI-H.S.1	T[T>A]A	0.15739301927637045	0.0	0.0	0.15570490266634218	0.6869020780572874	0.0	0.0	0.0	0.0	0.0	0.0	0.0
Skin-Melanoma::MSI-H.S.1	T[T>A]C	8.095830460363117e-15	0.0	0.0	0.26376675226159707	0.7362332477383949	0.0	0.0	0.0	0.0	0.0	0.0	0.0
Skin-Melanoma::MSI-H.S.1	T[T>A]G	0.0018159710476441937	0.0	0.0	2.6995246267975293e-13	0.9981840289520859	0.0	0.0	0.0	0.0	0.0	0.0	0.0
Skin-Melanoma::MSI-H.S.1	T[T>A]T	0.1311814321206038	0.0	0.0	0.8688185678792789	1.1719014379490874e-13	0.0	0.0	0.0	0.0	0.0	0.0	0.0
Skin-Melanoma::MSI-H.S.1	T[T>C]A	0.002692294388891488	0.0	0.0	0.4238943527955519	0.5734133528155566	0.0	0.0	0.0	0.0	0.0	0.0	0.0
Skin-Melanoma::MSI-H.S.1	T[T>C]C	0.11232888089766453	0.0	0.0	0.3687858083946814	0.5188853107076541	0.0	0.0	0.0	0.0	0.0	0.0	0.0
Skin-Melanoma::MSI-H.S.1	T[T>C]G	0.010181047493325957	0.0	0.0	0.14578936143195162	0.8440295910747225	0.0	0.0	0.0	0.0	0.0	0.0	0.0
Skin-Melanoma::MSI-H.S.1	T[T>C]T	0.093365221295918	0.0	0.0	0.3269561077654215	0.5796786709386605	0.0	0.0	0.0	0.0	0.0	0.0	0.0
Skin-Melanoma::MSI-H.S.1	T[T>G]A	2.0205379479585253e-14	0.0	0.0	0.2166133312759189	0.7833866687240609	0.0	0.0	0.0	0.0	0.0	0.0	0.0
Skin-Melanoma::MSI-H.S.1	T[T>G]C	0.0033898508047650318	0.0	0.0	0.1332905069161291	0.8633196422791058	0.0	0.0	0.0	0.0	0.0	0.0	0.0
Skin-Melanoma::MSI-H.S.1	T[T>G]G	0.04553654547602715	0.0	0.0	3.2505077799511983e-13	0.9544634545236478	0.0	0.0	0.0	0.0	0.0	0.0	0.0
Skin-Melanoma::MSI-H.S.1	T[T>G]T	1.2689419164212985e-14	0.0	0.0	0.08815491167573304	0.9118450883242544	0.0	0.0	0.0	0.0	0.0	0.0	0.0
