Samples	SBS1	SBS2	SBS4	SBS5	SBS12	SBS13	SBS18	SBS22a	SBS22b	SBS40a	SBS40b	SBS40c
Kidney-RCC::S.1	250	0	1149	981	0	0	0	0	0	1594	1389	0
Kidney-RCC::S.2	296	0	881	428	0	0	0	0	1346	0	1718	0
Kidney-RCC::S.3	154	0	1036	0	0	0	0	0	0	1360	868	0
Kidney-RCC::S.4	326	0	0	337	0	0	0	0	0	3122	1984	0
Kidney-RCC::S.5	159	0	0	2073	0	0	0	0	5295	2331	0	0
Kidney-RCC::S.6	246	0	0	0	0	0	0	0	0	883	696	0
Kidney-RCC::S.7	121	0	0	21	0	0	0	0	0	3000	0	0
Kidney-RCC::S.8	0	0	860	1051	0	0	0	0	0	1389	2346	0
Kidney-RCC::S.9	152	0	0	173	0	0	0	0	0	2137	1696	0
Kidney-RCC::S.10	248	0	706	0	0	0	0	0	0	1773	0	0
Kidney-RCC::S.11	136	0	1137	83	0	0	0	0	0	3822	0	0
Kidney-RCC::S.12	153	0	771	79	692	0	0	0	0	2025	0	0
Kidney-RCC::S.13	0	0	0	274	0	0	0	0	0	2133	985	0
Kidney-RCC::S.14	72	0	594	76	0	0	311	0	0	0	1149	0
Kidney-RCC::S.15	215	0	0	1214	0	0	0	0	6094	3246	0	0
Kidney-RCC::S.16	0	0	0	0	0	0	0	0	0	1343	1504	0
Kidney-RCC::S.17	149	0	2113	247	0	0	0	0	0	0	0	0
Kidney-RCC::S.18	55	0	570	0	0	0	0	0	0	0	625	0
Kidney-RCC::S.19	176	0	1053	0	0	0	0	0	0	0	1602	0
Kidney-RCC::S.20	166	0	0	591	0	0	0	0	0	1711	745	0
Kidney-RCC::S.21	110	0	0	646	0	0	0	0	0	2489	1843	0
Kidney-RCC::S.22	18	0	0	498	0	0	0	0	5157	0	4578	0
Kidney-RCC::S.23	392	0	0	0	0	0	0	0	0	2673	0	0
Kidney-RCC::S.24	0	0	480	87	0	0	0	0	0	0	1388	0
Kidney-RCC::S.25	211	0	0	3416	0	0	0	19788	0	0	0	0
Kidney-RCC::S.26	111	0	0	21	0	0	0	0	0	1316	708	0
Kidney-RCC::S.27	205	0	0	200	0	0	0	0	0	1019	818	0
Kidney-RCC::S.28	305	0	0	953	0	0	0	0	0	2429	1821	0
Kidney-RCC::S.29	296	0	866	214	0	0	0	0	0	0	1462	0
Kidney-RCC::S.30	177	0	0	43	0	0	0	0	0	5425	0	0
Kidney-RCC::S.31	195	0	0	0	0	0	0	0	0	0	921	2212
Kidney-RCC::S.32	8	0	0	1678	0	0	0	0	8115	0	0	0
Kidney-RCC::S.33	81	0	0	1641	0	0	0	0	0	3361	0	0
Kidney-RCC::S.34	172	0	898	0	0	0	0	0	0	0	465	0
Kidney-RCC::S.35	186	0	0	0	0	0	0	0	0	3237	2862	0
Kidney-RCC::S.36	0	0	0	0	0	0	0	0	0	0	901	0
Kidney-RCC::S.37	0	0	0	0	0	0	0	0	0	1409	0	0
Kidney-RCC::S.38	114	0	0	0	0	0	0	0	0	2524	0	0
Kidney-RCC::S.39	148	0	551	134	0	0	0	0	0	998	0	0
Kidney-RCC::S.40	1	0	0	0	0	0	0	0	0	0	1212	0
Kidney-RCC::S.41	11	0	0	1923	0	191	0	0	0	1724	0	0
Kidney-RCC::S.42	218	0	0	3379	725	0	0	876	0	0	0	0
Kidney-RCC::S.43	222	0	1307	2287	0	0	0	0	0	0	1832	0
Kidney-RCC::S.44	183	0	0	192	0	451	0	0	429	1907	0	0
Kidney-RCC::S.45	8	0	0	0	0	0	0	0	0	4043	0	0
Kidney-RCC::S.46	362	0	0	0	0	0	0	0	0	1715	1364	0
Kidney-RCC::S.47	103	0	0	335	0	0	0	0	0	1040	3239	0
Kidney-RCC::S.48	476	0	0	174	0	0	0	0	2777	2004	0	0
Kidney-RCC::S.49	186	0	0	0	0	0	0	0	0	1913	1246	0
Kidney-RCC::S.50	205	0	1229	226	0	0	0	0	0	1272	1619	0
Kidney-RCC::S.51	498	0	0	0	0	0	443	0	0	1763	0	0
Kidney-RCC::S.52	297	0	0	0	0	0	0	0	0	2310	1327	0
Kidney-RCC::S.53	432	0	0	8	0	0	0	0	0	1859	1585	0
Kidney-RCC::S.54	51	0	1174	95	0	0	0	0	0	0	1222	0
Kidney-RCC::S.55	274	0	0	310	0	0	0	0	0	2590	0	0
Kidney-RCC::S.56	1	0	0	647	0	0	0	1200	0	0	2088	0
Kidney-RCC::S.57	136	0	0	0	0	0	0	0	0	2472	1855	0
Kidney-RCC::S.58	339	0	0	0	0	0	3062	0	0	0	2165	0
Kidney-RCC::S.59	0	0	896	0	0	0	0	0	0	2445	2219	0
Kidney-RCC::S.60	368	0	1138	0	0	0	0	0	0	1082	0	0
Kidney-RCC::S.61	18	0	1289	351	0	0	1422	0	0	791	0	0
Kidney-RCC::S.62	0	0	0	1426	0	0	0	0	0	3794	0	0
Kidney-RCC::S.63	74	0	0	0	0	0	0	0	0	3065	1238	0
Kidney-RCC::S.64	0	0	1717	262	0	0	0	0	0	3608	0	0
Kidney-RCC::S.65	110	0	1714	873	0	0	0	0	0	3055	2153	0
Kidney-RCC::S.66	452	0	0	3618	0	419	0	0	0	0	2874	0
Kidney-RCC::S.67	172	0	0	448	0	192	527	0	0	957	0	0
Kidney-RCC::S.68	213	48	0	210	0	147	0	0	0	1189	0	0
Kidney-RCC::S.69	201	0	0	0	0	0	0	0	0	2147	1146	0
Kidney-RCC::S.70	309	0	493	1117	0	0	0	0	0	0	728	0
Kidney-RCC::S.71	170	0	861	623	0	0	0	0	0	3178	0	0
Kidney-RCC::S.72	214	0	0	194	0	0	0	0	0	1467	1024	0
Kidney-RCC::S.73	165	0	0	335	0	0	0	0	0	4235	1766	0
Kidney-RCC::S.74	79	0	1022	549	0	0	0	0	0	1094	0	1175
Kidney-RCC::S.75	3	0	0	200	0	0	0	0	2364	0	2722	0
Kidney-RCC::S.76	213	0	459	0	0	0	0	0	0	0	807	0
Kidney-RCC::S.77	161	0	0	533	0	0	0	0	0	2274	1718	0
Kidney-RCC::S.78	0	0	1355	1027	0	0	0	0	0	3190	1994	0
Kidney-RCC::S.79	170	0	507	23	0	0	0	0	0	0	1257	0
Kidney-RCC::S.80	308	0	0	1559	0	0	0	0	0	1878	0	0
Kidney-RCC::S.81	149	0	1051	0	0	0	0	0	0	0	0	3112
Kidney-RCC::S.82	188	0	2925	2549	0	0	0	7421	0	0	0	0
Kidney-RCC::S.83	140	0	0	233	0	0	0	0	0	1170	1293	0
Kidney-RCC::S.84	0	0	0	36	0	0	0	0	0	942	1527	0
Kidney-RCC::S.85	171	0	0	373	0	0	0	0	0	0	3172	0
Kidney-RCC::S.86	559	0	0	91	0	0	0	0	2489	1918	0	0
Kidney-RCC::S.87	0	0	0	107	0	0	0	0	0	1611	1804	0
Kidney-RCC::S.88	285	0	1484	1156	0	0	0	0	0	2205	0	0
Kidney-RCC::S.89	185	0	0	101	0	0	0	0	0	1856	2133	0
Kidney-RCC::S.90	0	0	425	198	0	0	0	0	0	1371	0	0
Kidney-RCC::S.91	76	0	2045	3005	0	0	0	0	0	0	0	0
Kidney-RCC::S.92	84	0	0	1003	0	0	1206	0	0	1963	1618	0
Kidney-RCC::S.93	31	0	720	627	0	0	0	0	0	1260	1351	880
Kidney-RCC::S.94	189	0	881	0	0	0	0	0	0	2079	1672	0
Kidney-RCC::S.95	444	0	1106	311	0	0	0	0	0	4031	0	0
Kidney-RCC::S.96	17	0	1094	0	0	0	0	0	0	1190	1066	0
Kidney-RCC::S.97	16	0	1053	52	0	0	0	0	0	1110	0	0
Kidney-RCC::S.98	164	0	1722	223	0	474	0	0	0	1695	0	0
Kidney-RCC::S.99	364	0	0	0	0	0	0	0	0	2042	2485	0
