MutationType	DBS2	DBS3	DBS4	DBS6	DBS7	DBS8	DBS9	DBS10
AC>CA	0.00037408	0.00634732	0.00414186	0.00266057	0.04588013	0.21492355	0.02459182	0.00963042
AC>CG	0.00003170	0.00004650	0.00004960	0.00014603	0.00624729	0.00097265	0.00206931	0.00001770
AC>CT	0.00012603	0.00301873	0.00000000	0.00024005	0.01359411	0.31788693	0.02849052	0.01350059
AC>GA	0.00023705	0.00584753	0.00440197	0.00858184	0.00972579	0.00115959	0.02529158	0.00535023
AC>GG	0.00000000	0.00044981	0.00000000	0.00010402	0.00253890	0.00080971	0.00712763	0.00059003
AC>GT	0.00028006	0.01009574	0.00000001	0.00013203	0.00449805	0.00015095	0.01209598	0.02870124
AC>TA	0.00148031	0.00100957	0.00127057	0.01010217	0.00541765	0.01239559	0.04118630	0.00010501
AC>TG	0.00000636	0.00000000	0.00005310	0.00044910	0.00099757	0.00256909	0.01789405	0.00000766
AC>TT	0.00292062	0.00000178	0.00016107	0.00318068	0.00117949	0.00026790	0.04438523	0.00071003
AT>CA	0.00003780	0.00703703	0.00091641	0.00011402	0.01109520	0.00002780	0.01269578	0.00353015
AT>CC	0.00000000	0.00907617	0.00000000	0.00006390	0.00625729	0.00014295	0.00177941	0.00116005
AT>CG	0.00000000	0.01459384	0.00000000	0.00000182	0.00110952	0.00026590	0.00000000	0.00259011
AT>GA	0.00016804	0.00180924	0.00032415	0.00162035	0.01439377	0.00016194	0.00636788	0.00008060
AT>GC	0.00000585	0.00524779	0.00001760	0.00001720	0.00928598	0.00022592	0.00180940	0.00408018
AT>TA	0.00045810	0.00234901	0.00453203	0.00220047	0.03398528	0.00031489	0.00919694	0.00293013
CC>AA	0.72415324	0.00908617	0.00000000	0.00000000	0.00000000	0.03808645	0.00000000	0.01370059
CC>AG	0.07261537	0.00000000	0.00543244	0.06161322	0.00008300	0.01549449	0.02639122	0.00007130
CC>AT	0.10002116	0.00588752	0.01570704	0.00043809	0.00085163	0.02878976	0.01949351	0.01050046
CC>GA	0.01770375	0.00063473	0.00355159	0.03550762	0.00030187	0.00080871	0.01099634	0.00339015
CC>GG	0.00045010	0.00007250	0.00007300	0.01810389	0.00204911	0.00005600	0.00305898	0.00000000
CC>GT	0.00110023	0.00000000	0.00007990	0.00344074	0.00016293	0.00022892	0.01789405	0.00108005
CC>TA	0.01600339	0.02079123	0.00017008	0.00222048	0.00000000	0.00071575	0.00068677	0.02390104
CC>TG	0.00023705	0.00002900	0.00000830	0.00687147	0.00023590	0.00420850	0.01549485	0.00000000
CC>TT	0.00000000	0.00000000	0.00000000	0.00000000	0.00000000	0.00437844	0.00000000	0.02060089
CG>AT	0.00115024	0.00028388	0.00029013	0.00754162	0.00006210	0.00032189	0.00021893	0.00000000
CG>GC	0.00036908	0.00000000	0.00000510	0.00059013	0.00018692	0.00000000	0.00001200	0.00001900
CG>GT	0.00128027	0.00000000	0.00000000	0.00322069	0.00002070	0.00120957	0.00009940	0.00001020
CG>TA	0.00000000	0.09785873	0.00000000	0.00000000	0.00000000	0.00050582	0.00000000	0.35801552
CG>TC	0.00215045	0.00072170	0.00000000	0.00891191	0.00004870	0.00090468	0.00013296	0.00265012
CG>TT	0.00556118	0.00716698	0.00036116	0.01870401	0.00003130	0.00032888	0.00008290	0.00777034
CT>AA	0.00321068	0.00010296	0.00000000	0.00448096	0.00000000	0.02059268	0.00000000	0.00393017
CT>AC	0.00000000	0.02908773	0.00000000	0.00195042	0.00000000	0.01399502	0.00000000	0.01300056
CT>AG	0.00058712	0.11395194	0.00036316	0.03950848	0.00125946	0.02039275	0.00058181	0.02650115
CT>GA	0.00001810	0.00001720	0.00067330	0.00734158	0.00186919	0.00556802	0.00283906	0.00000000
CT>GC	0.00013403	0.00002690	0.00007220	0.00179038	0.01559325	0.00023692	0.00310897	0.00000000
CT>GG	0.00008980	0.00005990	0.00092641	0.00681146	0.00399827	0.00030589	0.01039654	0.00000000
CT>TA	0.00338071	0.00018392	0.00000000	0.00008840	0.00000000	0.01089612	0.00000000	0.00403018
CT>TC	0.00003840	0.00633733	0.00000000	0.00000000	0.06317264	0.01779367	0.00003000	0.00275012
CT>TG	0.00039008	0.05217799	0.00003080	0.01120240	0.00000000	0.00096566	0.00000000	0.04570198
GC>AA	0.00508108	0.00002160	0.32814716	0.00000000	0.00000000	0.01289541	0.00000000	0.00408018
GC>AG	0.00032507	0.00052178	0.01130507	0.00366079	0.00007300	0.00851697	0.12395876	0.00000000
GC>AT	0.00095320	0.00398832	0.00924415	0.00188040	0.00034985	0.00550804	0.12595809	0.00775034
GC>CA	0.00106022	0.00023690	0.01190534	0.00869187	0.00066971	0.00482828	0.02739089	0.00010501
GC>CG	0.00006690	0.00000000	0.00000098	0.00000000	0.00264885	0.00024191	0.00249917	0.00000000
GC>TA	0.00073616	0.00422822	0.01770794	0.00082918	0.00000624	0.00855696	0.01399534	0.00281012
TA>AT	0.00275058	0.00144939	0.03041364	0.00857184	0.05577585	0.00969655	0.01549485	0.01040045
TA>CG	0.00001890	0.00333859	0.00038918	0.00025906	0.00304868	0.00002090	0.00134955	0.00411018
TA>CT	0.00028006	0.00034386	0.00872391	0.02610560	0.02908740	0.00409854	0.01419528	0.00162007
TA>GC	0.00008220	0.00198916	0.00007020	0.00026406	0.00150935	0.00078872	0.00057881	0.00000000
TA>GG	0.00007890	0.00545770	0.00222100	0.00021805	0.00430813	0.00021692	0.00324892	0.00859037
TA>GT	0.00130028	0.00036185	0.00806362	0.00006250	0.02628862	0.00015295	0.00777741	0.00361016
TC>AA	0.00145031	0.00548769	0.37917005	0.04580983	0.01959152	0.03878620	0.00368877	0.00756033
TC>AG	0.00020004	0.00000614	0.00187084	0.00828178	0.00000400	0.01159588	0.04668447	0.00027101
TC>AT	0.00000000	0.00111953	0.00841377	0.00059413	0.00228901	0.01849342	0.05178277	0.00309013
TC>CA	0.00068214	0.06547239	0.08463796	0.01180253	0.00270883	0.01759374	0.04878377	0.02520109
TC>CG	0.00000389	0.00011595	0.00040018	0.00086219	0.00162929	0.01089612	0.00778741	0.00084204
TC>CT	0.00335071	0.01939182	0.00000828	0.00939202	0.00918602	0.00875689	0.05138290	0.02620114
TC>GA	0.00088519	0.07776720	0.03641633	0.00734158	0.00000000	0.00960658	0.01729425	0.04380190
TC>GG	0.00000987	0.00017693	0.00001040	0.00151032	0.00070569	0.00190932	0.00372876	0.00000000
TC>GT	0.00008570	0.04338170	0.00000000	0.00000000	0.00000000	0.00027590	0.00000000	0.04590199
TG>AA	0.00296063	0.00006680	0.00763342	0.02550547	0.02259022	0.00864692	0.01579474	0.00142006
TG>AC	0.00022005	0.00008040	0.00011805	0.01010217	0.00261887	0.00384863	0.00726758	0.00020701
TG>AT	0.00429091	0.00095760	0.00000000	0.22104743	0.00128944	0.00821708	0.00074575	0.00250011
TG>CA	0.00014403	0.01589330	0.00080436	0.01140245	0.02388965	0.00505820	0.02279242	0.02920127
TG>CC	0.00005940	0.00048380	0.00012005	0.00789169	0.00104955	0.00124956	0.01179607	0.00019001
TG>CT	0.00307065	0.00606744	0.00008210	0.27505902	0.00000000	0.01949307	0.00096768	0.00433019
TG>GA	0.00147031	0.00052278	0.00785352	0.00744160	0.00824643	0.00027090	0.00617794	0.00002020
TG>GC	0.00027206	0.00049779	0.00060427	0.00560120	0.00387832	0.00353874	0.00390870	0.00000000
TG>GT	0.00640136	0.01029566	0.00003230	0.02740588	0.00870623	0.00785721	0.00333889	0.00217009
TT>AA	0.00431091	0.00321864	0.00001800	0.00019304	0.23489828	0.00357873	0.00034089	0.01450063
TT>AC	0.00034507	0.00242898	0.00000066	0.00012803	0.03998269	0.00000000	0.00665779	0.00000000
TT>AG	0.00021505	0.02289035	0.00000000	0.00212045	0.05387667	0.01459481	0.00091769	0.00696030
TT>CA	0.00000000	0.00069371	0.00000000	0.00000000	0.09765771	0.00628776	0.00000000	0.00129006
TT>CC	0.00000298	0.00815656	0.00000000	0.00000000	0.03538468	0.00029390	0.00515828	0.00288012
TT>CG	0.00001520	0.03178660	0.00000000	0.00001120	0.00266884	0.00011596	0.00001980	0.00858037
TT>GA	0.00004790	0.01229482	0.00000000	0.00000000	0.04358113	0.00362871	0.00000000	0.00869038
TT>GC	0.00000154	0.06647197	0.00000000	0.00000041	0.00366841	0.00028590	0.00003560	0.02580112
TT>GG	0.00000000	0.17092792	0.00000000	0.00000000	0.00000000	0.00053781	0.00000000	0.08470367
