Sample Names	MutationType	SBS1	SBS2	SBS3	SBS5	SBS8	SBS13	SBS18	SBS26	SBS35	SBS39	SBS40	SBS41
Ovary-AdenoCA::MSI-H.S.1	A[C>A]A	0.02437705551771464	0.0	0.0	0.13743453984320733	0.0	0.0	0.0	0.5155040478713058	0.0	0.0	0.0	0.3226843567677722
Ovary-AdenoCA::MSI-H.S.1	A[C>A]C	0.09373974943222968	0.0	0.0	0.16155777773062413	0.0	0.0	0.0	0.46589997380119985	0.0	0.0	0.0	0.27880249903594645
Ovary-AdenoCA::MSI-H.S.1	A[C>A]G	0.04738948661341511	0.0	0.0	0.20618092436407479	0.0	0.0	0.0	0.6550632523174564	0.0	0.0	0.0	0.09136633670505374
Ovary-AdenoCA::MSI-H.S.1	A[C>A]T	0.0518027315334763	0.0	0.0	0.11135538156899225	0.0	0.0	0.0	0.5376551652961442	0.0	0.0	0.0	0.2991867216013872
Ovary-AdenoCA::MSI-H.S.1	A[C>G]A	0.04146725384499332	0.0	0.0	0.09373045648409667	0.0	0.0	0.0	0.20431051181597226	0.0	0.0	0.0	0.6604917778549377
Ovary-AdenoCA::MSI-H.S.1	A[C>G]C	0.04168121347844117	0.0	0.0	0.08106291397343204	0.0	0.0	0.0	0.277167457731942	0.0	0.0	0.0	0.6000884148161847
Ovary-AdenoCA::MSI-H.S.1	A[C>G]G	0.012746203556837985	0.0	0.0	0.07935604338533826	0.0	0.0	0.0	0.16244889236931584	0.0	0.0	0.0	0.7454488606885079
Ovary-AdenoCA::MSI-H.S.1	A[C>G]T	0.017031102080628108	0.0	0.0	0.06280965385503129	0.0	0.0	0.0	0.23342069396141596	0.0	0.0	0.0	0.6867385501029247
Ovary-AdenoCA::MSI-H.S.1	A[C>T]A	0.1660293516641042	0.0	0.0	0.09012170680214224	0.0	0.0	0.0	0.37913731701174314	0.0	0.0	0.0	0.36471162452201045
Ovary-AdenoCA::MSI-H.S.1	A[C>T]C	0.07267651400755414	0.0	0.0	0.08568345586981269	0.0	0.0	0.0	0.6268747402370135	0.0	0.0	0.0	0.21476528988561977
Ovary-AdenoCA::MSI-H.S.1	A[C>T]G	0.728499060431979	0.0	0.0	0.0051344218541646315	0.0	0.0	0.0	0.22831446967864408	0.0	0.0	0.0	0.038052048035212414
Ovary-AdenoCA::MSI-H.S.1	A[C>T]T	0.08409970206499588	0.0	0.0	0.0803930620722477	0.0	0.0	0.0	0.5256579599647236	0.0	0.0	0.0	0.3098492758980328
Ovary-AdenoCA::MSI-H.S.1	A[T>A]A	0.010261709256648842	0.0	0.0	0.03940515795975588	0.0	0.0	0.0	0.4184497946881653	0.0	0.0	0.0	0.5318833380954299
Ovary-AdenoCA::MSI-H.S.1	A[T>A]C	0.021327070507427368	0.0	0.0	0.027588401290709778	0.0	0.0	0.0	0.7225022091884711	0.0	0.0	0.0	0.22858231901339174
Ovary-AdenoCA::MSI-H.S.1	A[T>A]G	0.032393780442630686	0.0	0.0	0.10787448785105458	0.0	0.0	0.0	0.38115952994324814	0.0	0.0	0.0	0.47857220176306653
Ovary-AdenoCA::MSI-H.S.1	A[T>A]T	0.0004017419503763551	0.0	0.0	0.005665730601569433	0.0	0.0	0.0	0.14464579129091526	0.0	0.0	0.0	0.849286736157139
Ovary-AdenoCA::MSI-H.S.1	A[T>C]A	0.0005676077325800104	0.0	0.0	0.010014539437191609	0.0	0.0	0.0	0.9477374080711468	0.0	0.0	0.0	0.04168044475908154
Ovary-AdenoCA::MSI-H.S.1	A[T>C]C	0.005058579560524965	0.0	0.0	0.009281686809552013	0.0	0.0	0.0	0.9321070199794361	0.0	0.0	0.0	0.05355271365048687
Ovary-AdenoCA::MSI-H.S.1	A[T>C]G	6.072896068428918e-05	0.0	0.0	0.009110025727452347	0.0	0.0	0.0	0.9652261093564268	0.0	0.0	0.0	0.02560313595543659
Ovary-AdenoCA::MSI-H.S.1	A[T>C]T	0.0062496443836580675	0.0	0.0	0.017358376958671328	0.0	0.0	0.0	0.8692734881377905	0.0	0.0	0.0	0.10711849051988004
Ovary-AdenoCA::MSI-H.S.1	A[T>G]A	0.0016180302096158337	0.0	0.0	0.015115109208969364	0.0	0.0	0.0	0.5895356498510765	0.0	0.0	0.0	0.3937312107303381
Ovary-AdenoCA::MSI-H.S.1	A[T>G]C	0.003199194103978318	0.0	0.0	0.016726691434294935	0.0	0.0	0.0	0.839190218504307	0.0	0.0	0.0	0.14088389595741974
Ovary-AdenoCA::MSI-H.S.1	A[T>G]G	0.00395696986259803	0.0	0.0	0.04879942968942111	0.0	0.0	0.0	0.725659383239089	0.0	0.0	0.0	0.22158421720889193
Ovary-AdenoCA::MSI-H.S.1	A[T>G]T	0.0006523337924591077	0.0	0.0	0.011710232334336611	0.0	0.0	0.0	0.7412696594892547	0.0	0.0	0.0	0.2463677743839494
Ovary-AdenoCA::MSI-H.S.1	C[C>A]A	0.00665312638384851	0.0	0.0	0.06595193077929373	0.0	0.0	0.0	0.6452992059722525	0.0	0.0	0.0	0.2820957368646054
Ovary-AdenoCA::MSI-H.S.1	C[C>A]C	0.042759944855770324	0.0	0.0	0.0610547422484406	0.0	0.0	0.0	0.7741607321950575	0.0	0.0	0.0	0.12202458070073155
Ovary-AdenoCA::MSI-H.S.1	C[C>A]G	0.00866546192020761	0.0	0.0	0.13393558447567613	0.0	0.0	0.0	0.7224898034903174	0.0	0.0	0.0	0.13490915011379892
Ovary-AdenoCA::MSI-H.S.1	C[C>A]T	1.306383891483925e-15	0.0	0.0	0.015829045339534362	0.0	0.0	0.0	0.8978657851923475	0.0	0.0	0.0	0.0863051694681168
Ovary-AdenoCA::MSI-H.S.1	C[C>G]A	0.0010807744515322728	0.0	0.0	0.1299485205678788	0.0	0.0	0.0	0.3504018850888823	0.0	0.0	0.0	0.5185688198917066
Ovary-AdenoCA::MSI-H.S.1	C[C>G]C	0.004404628484096668	0.0	0.0	0.21657056157428536	0.0	0.0	0.0	0.3964166064550123	0.0	0.0	0.0	0.3826082034866056
Ovary-AdenoCA::MSI-H.S.1	C[C>G]G	0.0770605386825085	0.0	0.0	0.22691139644848587	0.0	0.0	0.0	0.1959013857041109	0.0	0.0	0.0	0.5001266791648947
Ovary-AdenoCA::MSI-H.S.1	C[C>G]T	4.917592314686642e-15	0.0	0.0	0.08749528127633258	0.0	0.0	0.0	0.29585206516184903	0.0	0.0	0.0	0.6166526535618134
Ovary-AdenoCA::MSI-H.S.1	C[C>T]A	0.023597530808459086	0.0	0.0	0.0952807815114025	0.0	0.0	0.0	0.42795030651334603	0.0	0.0	0.0	0.45317138116679234
Ovary-AdenoCA::MSI-H.S.1	C[C>T]C	0.0034091167453176416	0.0	0.0	0.0998616195603575	0.0	0.0	0.0	0.7668925637031436	0.0	0.0	0.0	0.12983669999118114
Ovary-AdenoCA::MSI-H.S.1	C[C>T]G	0.591953245910099	0.0	0.0	0.022000692435405467	0.0	0.0	0.0	0.21649500135935337	0.0	0.0	0.0	0.16955106029514205
Ovary-AdenoCA::MSI-H.S.1	C[C>T]T	0.002222471631982082	0.0	0.0	0.10903318048903016	0.0	0.0	0.0	0.4015446179549571	0.0	0.0	0.0	0.48719972992403066
Ovary-AdenoCA::MSI-H.S.1	C[T>A]A	0.0010261194102863384	0.0	0.0	0.03517035743026145	0.0	0.0	0.0	0.4835583524725922	0.0	0.0	0.0	0.4802451706868601
Ovary-AdenoCA::MSI-H.S.1	C[T>A]C	0.00764524733381721	0.0	0.0	0.04202745305776404	0.0	0.0	0.0	0.6053923216194763	0.0	0.0	0.0	0.34493497798894246
Ovary-AdenoCA::MSI-H.S.1	C[T>A]G	0.00732727440601257	0.0	0.0	0.04716315476272203	0.0	0.0	0.0	0.5533158722770334	0.0	0.0	0.0	0.39219369855423214
Ovary-AdenoCA::MSI-H.S.1	C[T>A]T	0.0039448011433652905	0.0	0.0	0.027157354771327795	0.0	0.0	0.0	0.20905346911888908	0.0	0.0	0.0	0.7598443749664178
Ovary-AdenoCA::MSI-H.S.1	C[T>C]A	1.891400117197672e-16	0.0	0.0	0.0046964996558791095	0.0	0.0	0.0	0.9467365610745975	0.0	0.0	0.0	0.04856693926952323
Ovary-AdenoCA::MSI-H.S.1	C[T>C]C	0.0035429588240967003	0.0	0.0	0.00613516693925442	0.0	0.0	0.0	0.9489663792091134	0.0	0.0	0.0	0.04135549502753538
Ovary-AdenoCA::MSI-H.S.1	C[T>C]G	0.00020820835090250154	0.0	0.0	0.005007556649400653	0.0	0.0	0.0	0.976878235800212	0.0	0.0	0.0	0.01790599919948489
Ovary-AdenoCA::MSI-H.S.1	C[T>C]T	3.4317461062579205e-05	0.0	0.0	0.004997305738909654	0.0	0.0	0.0	0.9597227508135826	0.0	0.0	0.0	0.03524562598644525
Ovary-AdenoCA::MSI-H.S.1	C[T>G]A	0.0006976344698721207	0.0	0.0	0.021190607845361333	0.0	0.0	0.0	0.5990115602736592	0.0	0.0	0.0	0.3791001974111074
Ovary-AdenoCA::MSI-H.S.1	C[T>G]C	0.0017441567961463673	0.0	0.0	0.01578762577278048	0.0	0.0	0.0	0.8722600321021181	0.0	0.0	0.0	0.11020818532895513
Ovary-AdenoCA::MSI-H.S.1	C[T>G]G	0.0009214894698058089	0.0	0.0	0.018369905576886156	0.0	0.0	0.0	0.8590617644330641	0.0	0.0	0.0	0.12164684052024381
Ovary-AdenoCA::MSI-H.S.1	C[T>G]T	0.000746800820797969	0.0	0.0	0.01327087087911409	0.0	0.0	0.0	0.731095884658033	0.0	0.0	0.0	0.25488644364205487
Ovary-AdenoCA::MSI-H.S.1	G[C>A]A	0.04695894226191157	0.0	0.0	0.12619103624972575	0.0	0.0	0.0	0.31638301748698494	0.0	0.0	0.0	0.5104670040013779
Ovary-AdenoCA::MSI-H.S.1	G[C>A]C	0.01552495494031232	0.0	0.0	0.14583417142539007	0.0	0.0	0.0	0.6545988960347986	0.0	0.0	0.0	0.18404197759949906
Ovary-AdenoCA::MSI-H.S.1	G[C>A]G	0.10571842120729201	0.0	0.0	0.1754266457718335	0.0	0.0	0.0	0.4986216515479245	0.0	0.0	0.0	0.2202332814729498
Ovary-AdenoCA::MSI-H.S.1	G[C>A]T	7.143377306789711e-15	0.0	0.0	0.09095512478983465	0.0	0.0	0.0	0.5617819955864161	0.0	0.0	0.0	0.3472628796237421
Ovary-AdenoCA::MSI-H.S.1	G[C>G]A	0.0004403500610492203	0.0	0.0	0.08946833999110938	0.0	0.0	0.0	0.3893349416353311	0.0	0.0	0.0	0.5207563683125104
Ovary-AdenoCA::MSI-H.S.1	G[C>G]C	0.005529863602331668	0.0	0.0	0.07130197621683546	0.0	0.0	0.0	0.4190051993324332	0.0	0.0	0.0	0.5041629608483997
Ovary-AdenoCA::MSI-H.S.1	G[C>G]G	0.051150091306784724	0.0	0.0	0.19367942233470237	0.0	0.0	0.0	0.4879860277017794	0.0	0.0	0.0	0.26718445865673357
Ovary-AdenoCA::MSI-H.S.1	G[C>G]T	7.653716210647684e-15	0.0	0.0	0.0960242309907005	0.0	0.0	0.0	0.2247057947964218	0.0	0.0	0.0	0.6792699742128699
Ovary-AdenoCA::MSI-H.S.1	G[C>T]A	0.04230916170711422	0.0	0.0	0.07695203458964388	0.0	0.0	0.0	0.5624116189210429	0.0	0.0	0.0	0.31832718478219924
Ovary-AdenoCA::MSI-H.S.1	G[C>T]C	0.0005330049860185558	0.0	0.0	0.05165128605197637	0.0	0.0	0.0	0.6719346043867855	0.0	0.0	0.0	0.27588110457521947
Ovary-AdenoCA::MSI-H.S.1	G[C>T]G	0.4723375157569397	0.0	0.0	0.011093484972104281	0.0	0.0	0.0	0.31062939140300777	0.0	0.0	0.0	0.2059396078679483
Ovary-AdenoCA::MSI-H.S.1	G[C>T]T	0.000237864851906437	0.0	0.0	0.04796849459533106	0.0	0.0	0.0	0.6621793645204627	0.0	0.0	0.0	0.2896142760322999
Ovary-AdenoCA::MSI-H.S.1	G[T>A]A	0.0025884441247644194	0.0	0.0	0.04870717061068385	0.0	0.0	0.0	0.5357866410535311	0.0	0.0	0.0	0.4129177442110206
Ovary-AdenoCA::MSI-H.S.1	G[T>A]C	0.0033290096703124657	0.0	0.0	0.03125971272965567	0.0	0.0	0.0	0.6369316893779526	0.0	0.0	0.0	0.3284795882220792
Ovary-AdenoCA::MSI-H.S.1	G[T>A]G	0.0107170045261077	0.0	0.0	0.07453264434070045	0.0	0.0	0.0	0.5684749700264385	0.0	0.0	0.0	0.3462753811067534
Ovary-AdenoCA::MSI-H.S.1	G[T>A]T	0.005781966315013664	0.0	0.0	0.030038508864622386	0.0	0.0	0.0	0.4011362220268705	0.0	0.0	0.0	0.5630433027934933
Ovary-AdenoCA::MSI-H.S.1	G[T>C]A	0.0005729312448534594	0.0	0.0	0.0032025763992883792	0.0	0.0	0.0	0.9778449861343499	0.0	0.0	0.0	0.01837950622150829
Ovary-AdenoCA::MSI-H.S.1	G[T>C]C	0.00340348630722813	0.0	0.0	0.005920494180253717	0.0	0.0	0.0	0.9534377086136738	0.0	0.0	0.0	0.0372383108988444
Ovary-AdenoCA::MSI-H.S.1	G[T>C]G	0.0007524029855792688	0.0	0.0	0.004015344464706315	0.0	0.0	0.0	0.9826858400169138	0.0	0.0	0.0	0.012546412532800644
Ovary-AdenoCA::MSI-H.S.1	G[T>C]T	5.881316140565652e-05	0.0	0.0	0.004704892084206105	0.0	0.0	0.0	0.977397746822502	0.0	0.0	0.0	0.017838547931886266
Ovary-AdenoCA::MSI-H.S.1	G[T>G]A	5.511047936697617e-15	0.0	0.0	0.025928293794297858	0.0	0.0	0.0	0.726770178515292	0.0	0.0	0.0	0.2473015276904046
Ovary-AdenoCA::MSI-H.S.1	G[T>G]C	6.975955836567143e-15	0.0	0.0	0.02227096536408826	0.0	0.0	0.0	0.8125148257529947	0.0	0.0	0.0	0.16521420888290997
Ovary-AdenoCA::MSI-H.S.1	G[T>G]G	0.0058330629740655565	0.0	0.0	0.03697941155301654	0.0	0.0	0.0	0.8453863761130476	0.0	0.0	0.0	0.11180114935987046
Ovary-AdenoCA::MSI-H.S.1	G[T>G]T	9.7234734188403e-05	0.0	0.0	0.0065159915201578955	0.0	0.0	0.0	0.8649104774345773	0.0	0.0	0.0	0.1284762963110764
Ovary-AdenoCA::MSI-H.S.1	T[C>A]A	0.0015713574762177334	0.0	0.0	0.07814761374153316	0.0	0.0	0.0	0.4808385759174175	0.0	0.0	0.0	0.4394424528648315
Ovary-AdenoCA::MSI-H.S.1	T[C>A]C	0.08597082081011133	0.0	0.0	0.12970803879973564	0.0	0.0	0.0	0.45945310355536184	0.0	0.0	0.0	0.32486803683479115
Ovary-AdenoCA::MSI-H.S.1	T[C>A]G	4.6960579645418016e-14	0.0	0.0	0.20165105314546328	0.0	0.0	0.0	0.5560095893148025	0.0	0.0	0.0	0.2423393575396873
Ovary-AdenoCA::MSI-H.S.1	T[C>A]T	8.628569717924651e-05	0.0	0.0	0.07759063644925113	0.0	0.0	0.0	0.44099809368230125	0.0	0.0	0.0	0.48132498417126834
Ovary-AdenoCA::MSI-H.S.1	T[C>G]A	1.5703883146447773e-15	0.0	0.0	0.022897986684314187	0.0	0.0	0.0	0.19802532163348405	0.0	0.0	0.0	0.7790766916822002
Ovary-AdenoCA::MSI-H.S.1	T[C>G]C	0.002065427575151673	0.0	0.0	0.03218804405232138	0.0	0.0	0.0	0.16268242314677203	0.0	0.0	0.0	0.8030641052257549
Ovary-AdenoCA::MSI-H.S.1	T[C>G]G	0.0051291284487996955	0.0	0.0	0.052616782530536914	0.0	0.0	0.0	0.14926648035312545	0.0	0.0	0.0	0.792987608667538
Ovary-AdenoCA::MSI-H.S.1	T[C>G]T	0.005163890274293439	0.0	0.0	0.0172238162874253	0.0	0.0	0.0	0.15700550869306526	0.0	0.0	0.0	0.8206067847452161
Ovary-AdenoCA::MSI-H.S.1	T[C>T]A	0.0076444647258555685	0.0	0.0	0.05819519979661907	0.0	0.0	0.0	0.486284281439673	0.0	0.0	0.0	0.44787605403785247
Ovary-AdenoCA::MSI-H.S.1	T[C>T]C	0.00037340850432754103	0.0	0.0	0.09586217987390923	0.0	0.0	0.0	0.5436797548345861	0.0	0.0	0.0	0.3600846567871771
Ovary-AdenoCA::MSI-H.S.1	T[C>T]G	0.5488725740469894	0.0	0.0	0.03302500849365245	0.0	0.0	0.0	0.2816466850077912	0.0	0.0	0.0	0.13645573245156695
Ovary-AdenoCA::MSI-H.S.1	T[C>T]T	1.883479470374391e-15	0.0	0.0	0.07384471451755059	0.0	0.0	0.0	0.38617389540063246	0.0	0.0	0.0	0.539981390081815
Ovary-AdenoCA::MSI-H.S.1	T[T>A]A	0.013953382695151114	0.0	0.0	0.005453891659794101	0.0	0.0	0.0	0.050356887735659786	0.0	0.0	0.0	0.930235837909395
Ovary-AdenoCA::MSI-H.S.1	T[T>A]C	2.059676706496625e-15	0.0	0.0	0.01591983668541764	0.0	0.0	0.0	0.2498111939677261	0.0	0.0	0.0	0.7342689693468543
Ovary-AdenoCA::MSI-H.S.1	T[T>A]G	0.00046951328356794085	0.0	0.0	0.03344024407770849	0.0	0.0	0.0	0.10006508593228958	0.0	0.0	0.0	0.866025156706434
Ovary-AdenoCA::MSI-H.S.1	T[T>A]T	0.006789774990782768	0.0	0.0	0.010991272666043335	0.0	0.0	0.0	0.08484268253559747	0.0	0.0	0.0	0.8973762698075765
Ovary-AdenoCA::MSI-H.S.1	T[T>C]A	0.00020092911480997964	0.0	0.0	0.005903949839052187	0.0	0.0	0.0	0.7153419454551845	0.0	0.0	0.0	0.2785531755909534
Ovary-AdenoCA::MSI-H.S.1	T[T>C]C	0.004082847685975077	0.0	0.0	0.00486798844999835	0.0	0.0	0.0	0.8116394423517309	0.0	0.0	0.0	0.17940972151229562
Ovary-AdenoCA::MSI-H.S.1	T[T>C]G	0.0005402965767439032	0.0	0.0	0.006866089586599756	0.0	0.0	0.0	0.844600863033985	0.0	0.0	0.0	0.14799275080267127
Ovary-AdenoCA::MSI-H.S.1	T[T>C]T	0.0028862999791127684	0.0	0.0	0.00513324829254422	0.0	0.0	0.0	0.8211747696397367	0.0	0.0	0.0	0.17080568208860633
Ovary-AdenoCA::MSI-H.S.1	T[T>G]A	8.389557319923657e-16	0.0	0.0	0.00817614826399256	0.0	0.0	0.0	0.11548282383175672	0.0	0.0	0.0	0.8763410279042498
Ovary-AdenoCA::MSI-H.S.1	T[T>G]C	0.00043772696338632025	0.0	0.0	0.021696996182431073	0.0	0.0	0.0	0.29331028167697637	0.0	0.0	0.0	0.6845549951772063
Ovary-AdenoCA::MSI-H.S.1	T[T>G]G	0.003384486449562781	0.0	0.0	0.016770694468107566	0.0	0.0	0.0	0.3538450508802811	0.0	0.0	0.0	0.6259997682020485
Ovary-AdenoCA::MSI-H.S.1	T[T>G]T	3.198782053013671e-16	0.0	0.0	0.008062275990752299	0.0	0.0	0.0	0.2909771217307357	0.0	0.0	0.0	0.7009606022785118
