Sample Names	MutationType	ID1	ID2	ID3	ID5	ID6	ID7	ID8	ID14
Stomach-AdenoCA::MSI-H.S.1	1:Del:C:0	0.006552729629679182	0.9934472703703208	0.0	0.0	0.0	0.0	0.0	0.0
Stomach-AdenoCA::MSI-H.S.1	1:Del:C:1	0.8744599286668785	0.12554007133312145	0.0	0.0	0.0	0.0	0.0	0.0
Stomach-AdenoCA::MSI-H.S.1	1:Del:C:2	2.118088922517641e-13	0.9999999999997882	0.0	0.0	0.0	0.0	0.0	0.0
Stomach-AdenoCA::MSI-H.S.1	1:Del:C:3	0.13312550404629536	0.8668744959537046	0.0	0.0	0.0	0.0	0.0	0.0
Stomach-AdenoCA::MSI-H.S.1	1:Del:C:4	0.035147084903765696	0.9648529150962343	0.0	0.0	0.0	0.0	0.0	0.0
Stomach-AdenoCA::MSI-H.S.1	1:Del:C:5	0.04387571773345102	0.9561242822665489	0.0	0.0	0.0	0.0	0.0	0.0
Stomach-AdenoCA::MSI-H.S.1	1:Del:T:0	0.03196080057340405	0.9680391994265959	0.0	0.0	0.0	0.0	0.0	0.0
Stomach-AdenoCA::MSI-H.S.1	1:Del:T:1	0.14293010784929702	0.857069892150703	0.0	0.0	0.0	0.0	0.0	0.0
Stomach-AdenoCA::MSI-H.S.1	1:Del:T:2	0.02580227789055698	0.9741977221094429	0.0	0.0	0.0	0.0	0.0	0.0
Stomach-AdenoCA::MSI-H.S.1	1:Del:T:3	0.02208137258150478	0.9779186274184952	0.0	0.0	0.0	0.0	0.0	0.0
Stomach-AdenoCA::MSI-H.S.1	1:Del:T:4	0.017802139531641743	0.9821978604683582	0.0	0.0	0.0	0.0	0.0	0.0
Stomach-AdenoCA::MSI-H.S.1	1:Del:T:5	8.0855272009645585e-19	1.0	0.0	0.0	0.0	0.0	0.0	0.0
Stomach-AdenoCA::MSI-H.S.1	1:Ins:C:0	0.14293010784929702	0.857069892150703	0.0	0.0	0.0	0.0	0.0	0.0
Stomach-AdenoCA::MSI-H.S.1	1:Ins:C:1	2.901542796434269e-15	0.999999999999997	0.0	0.0	0.0	0.0	0.0	0.0
Stomach-AdenoCA::MSI-H.S.1	1:Ins:C:2	2.5142200568820966e-14	0.9999999999999748	0.0	0.0	0.0	0.0	0.0	0.0
Stomach-AdenoCA::MSI-H.S.1	1:Ins:C:3	0.28134595828179637	0.7186540417182036	0.0	0.0	0.0	0.0	0.0	0.0
Stomach-AdenoCA::MSI-H.S.1	1:Ins:C:4	0.10875990804295914	0.8912400919570407	0.0	0.0	0.0	0.0	0.0	0.0
Stomach-AdenoCA::MSI-H.S.1	1:Ins:C:5	0.34904636298014297	0.6509536370198571	0.0	0.0	0.0	0.0	0.0	0.0
Stomach-AdenoCA::MSI-H.S.1	1:Ins:T:0	0.2549017840498598	0.7450982159501403	0.0	0.0	0.0	0.0	0.0	0.0
Stomach-AdenoCA::MSI-H.S.1	1:Ins:T:1	0.9999999999995075	4.925104677220661e-13	0.0	0.0	0.0	0.0	0.0	0.0
Stomach-AdenoCA::MSI-H.S.1	1:Ins:T:2	0.055998483571010685	0.9440015164289893	0.0	0.0	0.0	0.0	0.0	0.0
Stomach-AdenoCA::MSI-H.S.1	1:Ins:T:3	0.4381469285985003	0.5618530714014996	0.0	0.0	0.0	0.0	0.0	0.0
Stomach-AdenoCA::MSI-H.S.1	1:Ins:T:4	0.48719967067564574	0.5128003293243542	0.0	0.0	0.0	0.0	0.0	0.0
Stomach-AdenoCA::MSI-H.S.1	1:Ins:T:5	0.9826384724579462	0.017361527542053733	0.0	0.0	0.0	0.0	0.0	0.0
Stomach-AdenoCA::MSI-H.S.1	2:Del:R:0	0.4545873053620389	0.5454126946379612	0.0	0.0	0.0	0.0	0.0	0.0
Stomach-AdenoCA::MSI-H.S.1	2:Del:R:1	0.06369566272057053	0.9363043372794295	0.0	0.0	0.0	0.0	0.0	0.0
Stomach-AdenoCA::MSI-H.S.1	2:Del:R:2	0.04840472617160697	0.951595273828393	0.0	0.0	0.0	0.0	0.0	0.0
Stomach-AdenoCA::MSI-H.S.1	2:Del:R:3	0.10306479793457649	0.8969352020654235	0.0	0.0	0.0	0.0	0.0	0.0
Stomach-AdenoCA::MSI-H.S.1	2:Del:R:4	0.012170713071284457	0.9878292869287155	0.0	0.0	0.0	0.0	0.0	0.0
Stomach-AdenoCA::MSI-H.S.1	2:Del:R:5	0.12361785867077094	0.8763821413292291	0.0	0.0	0.0	0.0	0.0	0.0
Stomach-AdenoCA::MSI-H.S.1	3:Del:R:0	0.6708996370171197	0.32910036298288026	0.0	0.0	0.0	0.0	0.0	0.0
Stomach-AdenoCA::MSI-H.S.1	3:Del:R:1	0.16619563701506967	0.8338043629849303	0.0	0.0	0.0	0.0	0.0	0.0
Stomach-AdenoCA::MSI-H.S.1	3:Del:R:2	0.06267502947798435	0.9373249705220157	0.0	0.0	0.0	0.0	0.0	0.0
Stomach-AdenoCA::MSI-H.S.1	3:Del:R:3	0.15506495031705428	0.8449350496829457	0.0	0.0	0.0	0.0	0.0	0.0
Stomach-AdenoCA::MSI-H.S.1	3:Del:R:4	0.14231252919588128	0.8576874708041188	0.0	0.0	0.0	0.0	0.0	0.0
Stomach-AdenoCA::MSI-H.S.1	3:Del:R:5	0.14293010784929702	0.857069892150703	0.0	0.0	0.0	0.0	0.0	0.0
Stomach-AdenoCA::MSI-H.S.1	4:Del:R:0	0.62118097935526	0.3788190206447401	0.0	0.0	0.0	0.0	0.0	0.0
Stomach-AdenoCA::MSI-H.S.1	4:Del:R:1	0.07808716654025702	0.9219128334597431	0.0	0.0	0.0	0.0	0.0	0.0
Stomach-AdenoCA::MSI-H.S.1	4:Del:R:2	0.0011817680859707194	0.9988182319140293	0.0	0.0	0.0	0.0	0.0	0.0
Stomach-AdenoCA::MSI-H.S.1	4:Del:R:3	9.060875583260883e-14	0.9999999999999094	0.0	0.0	0.0	0.0	0.0	0.0
Stomach-AdenoCA::MSI-H.S.1	4:Del:R:4	0.14293010784929702	0.857069892150703	0.0	0.0	0.0	0.0	0.0	0.0
Stomach-AdenoCA::MSI-H.S.1	4:Del:R:5	0.02660665218841133	0.9733933478115887	0.0	0.0	0.0	0.0	0.0	0.0
Stomach-AdenoCA::MSI-H.S.1	5:Del:R:0	0.04137619404482771	0.9586238059551724	0.0	0.0	0.0	0.0	0.0	0.0
Stomach-AdenoCA::MSI-H.S.1	5:Del:R:1	0.012584015650381664	0.9874159843496183	0.0	0.0	0.0	0.0	0.0	0.0
Stomach-AdenoCA::MSI-H.S.1	5:Del:R:2	0.059493094436147954	0.9405069055638521	0.0	0.0	0.0	0.0	0.0	0.0
Stomach-AdenoCA::MSI-H.S.1	5:Del:R:3	0.02323049888772519	0.9767695011122749	0.0	0.0	0.0	0.0	0.0	0.0
Stomach-AdenoCA::MSI-H.S.1	5:Del:R:4	0.007254234759824192	0.9927457652401758	0.0	0.0	0.0	0.0	0.0	0.0
Stomach-AdenoCA::MSI-H.S.1	5:Del:R:5	0.22709645706483256	0.7729035429351675	0.0	0.0	0.0	0.0	0.0	0.0
Stomach-AdenoCA::MSI-H.S.1	2:Ins:R:0	0.1942626379299022	0.8057373620700977	0.0	0.0	0.0	0.0	0.0	0.0
Stomach-AdenoCA::MSI-H.S.1	2:Ins:R:1	0.005739437426879438	0.9942605625731206	0.0	0.0	0.0	0.0	0.0	0.0
Stomach-AdenoCA::MSI-H.S.1	2:Ins:R:2	0.0408104379920701	0.9591895620079299	0.0	0.0	0.0	0.0	0.0	0.0
Stomach-AdenoCA::MSI-H.S.1	2:Ins:R:3	0.21160023816442866	0.7883997618355714	0.0	0.0	0.0	0.0	0.0	0.0
Stomach-AdenoCA::MSI-H.S.1	2:Ins:R:4	0.2267116603803585	0.7732883396196415	0.0	0.0	0.0	0.0	0.0	0.0
Stomach-AdenoCA::MSI-H.S.1	2:Ins:R:5	0.20919021358421383	0.7908097864157861	0.0	0.0	0.0	0.0	0.0	0.0
Stomach-AdenoCA::MSI-H.S.1	3:Ins:R:0	0.0010524775632449004	0.9989475224367552	0.0	0.0	0.0	0.0	0.0	0.0
Stomach-AdenoCA::MSI-H.S.1	3:Ins:R:1	0.03966938941018425	0.9603306105898157	0.0	0.0	0.0	0.0	0.0	0.0
Stomach-AdenoCA::MSI-H.S.1	3:Ins:R:2	0.04010198719591315	0.9598980128040868	0.0	0.0	0.0	0.0	0.0	0.0
Stomach-AdenoCA::MSI-H.S.1	3:Ins:R:3	0.9165641992448058	0.08343580075519422	0.0	0.0	0.0	0.0	0.0	0.0
Stomach-AdenoCA::MSI-H.S.1	3:Ins:R:4	0.11092264671433248	0.8890773532856675	0.0	0.0	0.0	0.0	0.0	0.0
Stomach-AdenoCA::MSI-H.S.1	3:Ins:R:5	0.11759543183894815	0.8824045681610518	0.0	0.0	0.0	0.0	0.0	0.0
Stomach-AdenoCA::MSI-H.S.1	4:Ins:R:0	3.920986041089882e-14	0.9999999999999609	0.0	0.0	0.0	0.0	0.0	0.0
Stomach-AdenoCA::MSI-H.S.1	4:Ins:R:1	0.10958159761065761	0.8904184023893423	0.0	0.0	0.0	0.0	0.0	0.0
Stomach-AdenoCA::MSI-H.S.1	4:Ins:R:2	0.5518876173764888	0.4481123826235112	0.0	0.0	0.0	0.0	0.0	0.0
Stomach-AdenoCA::MSI-H.S.1	4:Ins:R:3	0.18941869925713917	0.8105813007428608	0.0	0.0	0.0	0.0	0.0	0.0
Stomach-AdenoCA::MSI-H.S.1	4:Ins:R:4	0.20324125937955534	0.7967587406204446	0.0	0.0	0.0	0.0	0.0	0.0
Stomach-AdenoCA::MSI-H.S.1	4:Ins:R:5	0.08327980952867939	0.9167201904713206	0.0	0.0	0.0	0.0	0.0	0.0
Stomach-AdenoCA::MSI-H.S.1	5:Ins:R:0	0.14293010784929702	0.857069892150703	0.0	0.0	0.0	0.0	0.0	0.0
Stomach-AdenoCA::MSI-H.S.1	5:Ins:R:1	0.6791860061697751	0.3208139938302249	0.0	0.0	0.0	0.0	0.0	0.0
Stomach-AdenoCA::MSI-H.S.1	5:Ins:R:2	0.9016789484439085	0.09832105155609146	0.0	0.0	0.0	0.0	0.0	0.0
Stomach-AdenoCA::MSI-H.S.1	5:Ins:R:3	0.3256621565420026	0.6743378434579975	0.0	0.0	0.0	0.0	0.0	0.0
Stomach-AdenoCA::MSI-H.S.1	5:Ins:R:4	0.9603788561076496	0.039621143892350365	0.0	0.0	0.0	0.0	0.0	0.0
Stomach-AdenoCA::MSI-H.S.1	5:Ins:R:5	0.17098312210619912	0.8290168778938009	0.0	0.0	0.0	0.0	0.0	0.0
Stomach-AdenoCA::MSI-H.S.1	2:Del:M:1	0.5758883417763553	0.42411165822364466	0.0	0.0	0.0	0.0	0.0	0.0
Stomach-AdenoCA::MSI-H.S.1	3:Del:M:1	0.9675867867960309	0.03241321320396895	0.0	0.0	0.0	0.0	0.0	0.0
Stomach-AdenoCA::MSI-H.S.1	3:Del:M:2	0.09092274614226448	0.9090772538577355	0.0	0.0	0.0	0.0	0.0	0.0
Stomach-AdenoCA::MSI-H.S.1	4:Del:M:1	0.10188714837896794	0.898112851621032	0.0	0.0	0.0	0.0	0.0	0.0
Stomach-AdenoCA::MSI-H.S.1	4:Del:M:2	0.049954437755650595	0.9500455622443494	0.0	0.0	0.0	0.0	0.0	0.0
Stomach-AdenoCA::MSI-H.S.1	4:Del:M:3	0.04407431336626119	0.9559256866337389	0.0	0.0	0.0	0.0	0.0	0.0
Stomach-AdenoCA::MSI-H.S.1	5:Del:M:1	0.0002597763452297358	0.9997402236547702	0.0	0.0	0.0	0.0	0.0	0.0
Stomach-AdenoCA::MSI-H.S.1	5:Del:M:2	4.023901913804389e-07	0.9999995976098086	0.0	0.0	0.0	0.0	0.0	0.0
Stomach-AdenoCA::MSI-H.S.1	5:Del:M:3	8.178043997785387e-09	0.9999999918219561	0.0	0.0	0.0	0.0	0.0	0.0
Stomach-AdenoCA::MSI-H.S.1	5:Del:M:4	0.016409296541824457	0.9835907034581756	0.0	0.0	0.0	0.0	0.0	0.0
Stomach-AdenoCA::MSI-H.S.1	5:Del:M:5	0.05295278738616047	0.9470472126138395	0.0	0.0	0.0	0.0	0.0	0.0
Stomach-AdenoCA::MSI-H.S.2	1:Del:C:0	0.007523262043172977	0.9924767379568271	0.0	0.0	0.0	0.0	0.0	0.0
Stomach-AdenoCA::MSI-H.S.2	1:Del:C:1	0.8889516354738537	0.11104836452614616	0.0	0.0	0.0	0.0	0.0	0.0
Stomach-AdenoCA::MSI-H.S.2	1:Del:C:2	2.434179571282073e-13	0.9999999999997564	0.0	0.0	0.0	0.0	0.0	0.0
Stomach-AdenoCA::MSI-H.S.2	1:Del:C:3	0.15001207542167014	0.84998792457833	0.0	0.0	0.0	0.0	0.0	0.0
Stomach-AdenoCA::MSI-H.S.2	1:Del:C:4	0.04018146384732375	0.9598185361526762	0.0	0.0	0.0	0.0	0.0	0.0
Stomach-AdenoCA::MSI-H.S.2	1:Del:C:5	0.05009544957625731	0.9499045504237427	0.0	0.0	0.0	0.0	0.0	0.0
Stomach-AdenoCA::MSI-H.S.2	1:Del:T:0	0.036556076038087	0.963443923961913	0.0	0.0	0.0	0.0	0.0	0.0
Stomach-AdenoCA::MSI-H.S.2	1:Del:T:1	0.16082962533255385	0.8391703746674462	0.0	0.0	0.0	0.0	0.0	0.0
Stomach-AdenoCA::MSI-H.S.2	1:Del:T:2	0.029539109648540444	0.9704608903514597	0.0	0.0	0.0	0.0	0.0	0.0
Stomach-AdenoCA::MSI-H.S.2	1:Del:T:3	0.025293312924151216	0.9747066870758488	0.0	0.0	0.0	0.0	0.0	0.0
Stomach-AdenoCA::MSI-H.S.2	1:Del:T:4	0.02040461347986605	0.9795953865201339	0.0	0.0	0.0	0.0	0.0	0.0
Stomach-AdenoCA::MSI-H.S.2	1:Del:T:5	9.292161875923388e-19	1.0	0.0	0.0	0.0	0.0	0.0	0.0
Stomach-AdenoCA::MSI-H.S.2	1:Ins:C:0	0.16082962533255385	0.8391703746674462	0.0	0.0	0.0	0.0	0.0	0.0
Stomach-AdenoCA::MSI-H.S.2	1:Ins:C:1	3.3345513142507607e-15	0.9999999999999967	0.0	0.0	0.0	0.0	0.0	0.0
Stomach-AdenoCA::MSI-H.S.2	1:Ins:C:2	2.8894268956827755e-14	0.9999999999999711	0.0	0.0	0.0	0.0	0.0	0.0
Stomach-AdenoCA::MSI-H.S.2	1:Ins:C:3	0.3103037861003324	0.6896962138996677	0.0	0.0	0.0	0.0	0.0	0.0
Stomach-AdenoCA::MSI-H.S.2	1:Ins:C:4	0.12299429310911801	0.877005706890882	0.0	0.0	0.0	0.0	0.0	0.0
Stomach-AdenoCA::MSI-H.S.2	1:Ins:C:5	0.3812754444582925	0.6187245555417076	0.0	0.0	0.0	0.0	0.0	0.0
Stomach-AdenoCA::MSI-H.S.2	1:Ins:T:0	0.2822066327855165	0.7177933672144835	0.0	0.0	0.0	0.0	0.0	0.0
Stomach-AdenoCA::MSI-H.S.2	1:Ins:T:1	0.9999999999995715	4.285554682215514e-13	0.0	0.0	0.0	0.0	0.0	0.0
Stomach-AdenoCA::MSI-H.S.2	1:Ins:T:2	0.06382200281702112	0.9361779971829788	0.0	0.0	0.0	0.0	0.0	0.0
Stomach-AdenoCA::MSI-H.S.2	1:Ins:T:3	0.4726297548100886	0.5273702451899114	0.0	0.0	0.0	0.0	0.0	0.0
Stomach-AdenoCA::MSI-H.S.2	1:Ins:T:4	0.5219566276646401	0.47804337233535976	0.0	0.0	0.0	0.0	0.0	0.0
Stomach-AdenoCA::MSI-H.S.2	1:Ins:T:5	0.9848588199418609	0.015141180058139046	0.0	0.0	0.0	0.0	0.0	0.0
Stomach-AdenoCA::MSI-H.S.2	2:Del:R:0	0.4892373571501605	0.5107626428498396	0.0	0.0	0.0	0.0	0.0	0.0
Stomach-AdenoCA::MSI-H.S.2	2:Del:R:1	0.07251194817086272	0.9274880518291373	0.0	0.0	0.0	0.0	0.0	0.0
Stomach-AdenoCA::MSI-H.S.2	2:Del:R:2	0.0552293952691096	0.9447706047308905	0.0	0.0	0.0	0.0	0.0	0.0
Stomach-AdenoCA::MSI-H.S.2	2:Del:R:3	0.11665137179358641	0.8833486282064137	0.0	0.0	0.0	0.0	0.0	0.0
Stomach-AdenoCA::MSI-H.S.2	2:Del:R:4	0.013961637641018917	0.9860383623589811	0.0	0.0	0.0	0.0	0.0	0.0
Stomach-AdenoCA::MSI-H.S.2	2:Del:R:5	0.13949247895394773	0.8605075210460523	0.0	0.0	0.0	0.0	0.0	0.0
Stomach-AdenoCA::MSI-H.S.2	3:Del:R:0	0.7008507480451733	0.2991492519548266	0.0	0.0	0.0	0.0	0.0	0.0
Stomach-AdenoCA::MSI-H.S.2	3:Del:R:1	0.18637517725821007	0.8136248227417899	0.0	0.0	0.0	0.0	0.0	0.0
Stomach-AdenoCA::MSI-H.S.2	3:Del:R:2	0.0713608132165228	0.9286391867834772	0.0	0.0	0.0	0.0	0.0	0.0
Stomach-AdenoCA::MSI-H.S.2	3:Del:R:3	0.1741753145224248	0.8258246854775751	0.0	0.0	0.0	0.0	0.0	0.0
Stomach-AdenoCA::MSI-H.S.2	3:Del:R:4	0.16014915734081525	0.8398508426591849	0.0	0.0	0.0	0.0	0.0	0.0
Stomach-AdenoCA::MSI-H.S.2	3:Del:R:5	0.16082962533255385	0.8391703746674462	0.0	0.0	0.0	0.0	0.0	0.0
Stomach-AdenoCA::MSI-H.S.2	4:Del:R:0	0.653318764548471	0.34668123545152896	0.0	0.0	0.0	0.0	0.0	0.0
Stomach-AdenoCA::MSI-H.S.2	4:Del:R:1	0.08870669668799558	0.9112933033120044	0.0	0.0	0.0	0.0	0.0	0.0
Stomach-AdenoCA::MSI-H.S.2	4:Del:R:2	0.0013578884572318795	0.998642111542768	0.0	0.0	0.0	0.0	0.0	0.0
Stomach-AdenoCA::MSI-H.S.2	4:Del:R:3	1.0413065291180608e-13	0.9999999999998959	0.0	0.0	0.0	0.0	0.0	0.0
Stomach-AdenoCA::MSI-H.S.2	4:Del:R:4	0.16082962533255385	0.8391703746674462	0.0	0.0	0.0	0.0	0.0	0.0
Stomach-AdenoCA::MSI-H.S.2	4:Del:R:5	0.0304563360276766	0.9695436639723234	0.0	0.0	0.0	0.0	0.0	0.0
Stomach-AdenoCA::MSI-H.S.2	5:Del:R:0	0.04725911215003385	0.9527408878499662	0.0	0.0	0.0	0.0	0.0	0.0
Stomach-AdenoCA::MSI-H.S.2	5:Del:R:1	0.01443486912470729	0.9855651308752926	0.0	0.0	0.0	0.0	0.0	0.0
Stomach-AdenoCA::MSI-H.S.2	5:Del:R:2	0.06776979394988591	0.932230206050114	0.0	0.0	0.0	0.0	0.0	0.0
Stomach-AdenoCA::MSI-H.S.2	5:Del:R:3	0.026605042828348805	0.9733949571716511	0.0	0.0	0.0	0.0	0.0	0.0
Stomach-AdenoCA::MSI-H.S.2	5:Del:R:4	0.008327796943248986	0.991672203056751	0.0	0.0	0.0	0.0	0.0	0.0
Stomach-AdenoCA::MSI-H.S.2	5:Del:R:5	0.25243190436873153	0.7475680956312685	0.0	0.0	0.0	0.0	0.0	0.0
Stomach-AdenoCA::MSI-H.S.2	2:Ins:R:0	0.21696331699124372	0.7830366830087563	0.0	0.0	0.0	0.0	0.0	0.0
Stomach-AdenoCA::MSI-H.S.2	2:Ins:R:1	0.006590311275121764	0.9934096887248782	0.0	0.0	0.0	0.0	0.0	0.0
Stomach-AdenoCA::MSI-H.S.2	2:Ins:R:2	0.04661682791055537	0.9533831720894446	0.0	0.0	0.0	0.0	0.0	0.0
Stomach-AdenoCA::MSI-H.S.2	2:Ins:R:3	0.23573416850599155	0.7642658314940084	0.0	0.0	0.0	0.0	0.0	0.0
Stomach-AdenoCA::MSI-H.S.2	2:Ins:R:4	0.25201817648759717	0.7479818235124028	0.0	0.0	0.0	0.0	0.0	0.0
Stomach-AdenoCA::MSI-H.S.2	2:Ins:R:5	0.23313055055414542	0.7668694494458547	0.0	0.0	0.0	0.0	0.0	0.0
Stomach-AdenoCA::MSI-H.S.2	3:Ins:R:0	0.0012093529364861355	0.9987906470635137	0.0	0.0	0.0	0.0	0.0	0.0
Stomach-AdenoCA::MSI-H.S.2	3:Ins:R:1	0.045321104971408385	0.9546788950285916	0.0	0.0	0.0	0.0	0.0	0.0
Stomach-AdenoCA::MSI-H.S.2	3:Ins:R:2	0.0458123949939161	0.9541876050060839	0.0	0.0	0.0	0.0	0.0	0.0
Stomach-AdenoCA::MSI-H.S.2	3:Ins:R:3	0.9266035454363876	0.07339645456361242	0.0	0.0	0.0	0.0	0.0	0.0
Stomach-AdenoCA::MSI-H.S.2	3:Ins:R:4	0.12540026179126024	0.8745997382087397	0.0	0.0	0.0	0.0	0.0	0.0
Stomach-AdenoCA::MSI-H.S.2	3:Ins:R:5	0.13281387514340304	0.867186124856597	0.0	0.0	0.0	0.0	0.0	0.0
Stomach-AdenoCA::MSI-H.S.2	4:Ins:R:0	4.506130039695684e-14	0.9999999999999549	0.0	0.0	0.0	0.0	0.0	0.0
Stomach-AdenoCA::MSI-H.S.2	4:Ins:R:1	0.12390857307981984	0.87609142692018	0.0	0.0	0.0	0.0	0.0	0.0
Stomach-AdenoCA::MSI-H.S.2	4:Ins:R:2	0.5859859533091358	0.4140140466908641	0.0	0.0	0.0	0.0	0.0	0.0
Stomach-AdenoCA::MSI-H.S.2	4:Ins:R:3	0.2117020604743856	0.7882979395256144	0.0	0.0	0.0	0.0	0.0	0.0
Stomach-AdenoCA::MSI-H.S.2	4:Ins:R:4	0.22669594540033483	0.7733040545996651	0.0	0.0	0.0	0.0	0.0	0.0
Stomach-AdenoCA::MSI-H.S.2	4:Ins:R:5	0.09453310593994205	0.905466894060058	0.0	0.0	0.0	0.0	0.0	0.0
Stomach-AdenoCA::MSI-H.S.2	5:Ins:R:0	0.16082962533255385	0.8391703746674462	0.0	0.0	0.0	0.0	0.0	0.0
Stomach-AdenoCA::MSI-H.S.2	5:Ins:R:1	0.7087104109565958	0.2912895890434042	0.0	0.0	0.0	0.0	0.0	0.0
Stomach-AdenoCA::MSI-H.S.2	5:Ins:R:2	0.9133400084838117	0.08665999151618836	0.0	0.0	0.0	0.0	0.0	0.0
Stomach-AdenoCA::MSI-H.S.2	5:Ins:R:3	0.35691593310564823	0.6430840668943517	0.0	0.0	0.0	0.0	0.0	0.0
Stomach-AdenoCA::MSI-H.S.2	5:Ins:R:4	0.9653455666558671	0.03465443334413288	0.0	0.0	0.0	0.0	0.0	0.0
Stomach-AdenoCA::MSI-H.S.2	5:Ins:R:5	0.1916103768435844	0.8083896231564157	0.0	0.0	0.0	0.0	0.0	0.0
Stomach-AdenoCA::MSI-H.S.2	2:Del:M:1	0.6094527738671677	0.3905472261328322	0.0	0.0	0.0	0.0	0.0	0.0
Stomach-AdenoCA::MSI-H.S.2	3:Del:M:1	0.9716765942486485	0.02832340575135141	0.0	0.0	0.0	0.0	0.0	0.0
Stomach-AdenoCA::MSI-H.S.2	3:Del:M:2	0.10309266213424675	0.8969073378657533	0.0	0.0	0.0	0.0	0.0	0.0
Stomach-AdenoCA::MSI-H.S.2	4:Del:M:1	0.11533844106748159	0.8846615589325185	0.0	0.0	0.0	0.0	0.0	0.0
Stomach-AdenoCA::MSI-H.S.2	4:Del:M:2	0.05698451920216344	0.9430154807978365	0.0	0.0	0.0	0.0	0.0	0.0
Stomach-AdenoCA::MSI-H.S.2	4:Del:M:3	0.050320716055533544	0.9496792839444664	0.0	0.0	0.0	0.0	0.0	0.0
Stomach-AdenoCA::MSI-H.S.2	5:Del:M:1	0.0002985322063682145	0.9997014677936318	0.0	0.0	0.0	0.0	0.0	0.0
Stomach-AdenoCA::MSI-H.S.2	5:Del:M:2	4.624404170716789e-07	0.9999995375595829	0.0	0.0	0.0	0.0	0.0	0.0
Stomach-AdenoCA::MSI-H.S.2	5:Del:M:3	9.398485302731607e-09	0.9999999906015147	0.0	0.0	0.0	0.0	0.0	0.0
Stomach-AdenoCA::MSI-H.S.2	5:Del:M:4	0.01881205230378109	0.981187947696219	0.0	0.0	0.0	0.0	0.0	0.0
Stomach-AdenoCA::MSI-H.S.2	5:Del:M:5	0.06037800963073661	0.9396219903692634	0.0	0.0	0.0	0.0	0.0	0.0
Stomach-AdenoCA::MSI-H.S.3	1:Del:C:0	0.007303189044884465	0.9926968109551154	0.0	0.0	0.0	0.0	0.0	0.0
Stomach-AdenoCA::MSI-H.S.3	1:Del:C:1	0.8859644489354658	0.11403555106453417	0.0	0.0	0.0	0.0	0.0	0.0
Stomach-AdenoCA::MSI-H.S.3	1:Del:C:2	2.3624502770104634e-13	0.9999999999997636	0.0	0.0	0.0	0.0	0.0	0.0
Stomach-AdenoCA::MSI-H.S.3	1:Del:C:3	0.14623803133414195	0.853761968665858	0.0	0.0	0.0	0.0	0.0	0.0
Stomach-AdenoCA::MSI-H.S.3	1:Del:C:4	0.03904364437327338	0.9609563556267267	0.0	0.0	0.0	0.0	0.0	0.0
Stomach-AdenoCA::MSI-H.S.3	1:Del:C:5	0.048691137061950635	0.9513088629380494	0.0	0.0	0.0	0.0	0.0	0.0
Stomach-AdenoCA::MSI-H.S.3	1:Del:T:0	0.03551711792042536	0.9644828820795746	0.0	0.0	0.0	0.0	0.0	0.0
Stomach-AdenoCA::MSI-H.S.3	1:Del:T:1	0.1568336457277133	0.8431663542722868	0.0	0.0	0.0	0.0	0.0	0.0
Stomach-AdenoCA::MSI-H.S.3	1:Del:T:2	0.02869364086418164	0.9713063591358183	0.0	0.0	0.0	0.0	0.0	0.0
Stomach-AdenoCA::MSI-H.S.3	1:Del:T:3	0.024566291144335426	0.9754337088556647	0.0	0.0	0.0	0.0	0.0	0.0
Stomach-AdenoCA::MSI-H.S.3	1:Del:T:4	0.019815254022982818	0.980184745977017	0.0	0.0	0.0	0.0	0.0	0.0
Stomach-AdenoCA::MSI-H.S.3	1:Del:T:5	9.018344684504499e-19	1.0	0.0	0.0	0.0	0.0	0.0	0.0
Stomach-AdenoCA::MSI-H.S.3	1:Ins:C:0	0.1568336457277133	0.8431663542722868	0.0	0.0	0.0	0.0	0.0	0.0
Stomach-AdenoCA::MSI-H.S.3	1:Ins:C:1	3.2362902757860623e-15	0.9999999999999968	0.0	0.0	0.0	0.0	0.0	0.0
Stomach-AdenoCA::MSI-H.S.3	1:Ins:C:2	2.804282580726745e-14	0.9999999999999719	0.0	0.0	0.0	0.0	0.0	0.0
Stomach-AdenoCA::MSI-H.S.3	1:Ins:C:3	0.30393908124079494	0.6960609187592051	0.0	0.0	0.0	0.0	0.0	0.0
Stomach-AdenoCA::MSI-H.S.3	1:Ins:C:4	0.11980416433049733	0.8801958356695027	0.0	0.0	0.0	0.0	0.0	0.0
Stomach-AdenoCA::MSI-H.S.3	1:Ins:C:5	0.37424492914919594	0.6257550708508041	0.0	0.0	0.0	0.0	0.0	0.0
Stomach-AdenoCA::MSI-H.S.3	1:Ins:T:0	0.27618745365259917	0.7238125463474009	0.0	0.0	0.0	0.0	0.0	0.0
Stomach-AdenoCA::MSI-H.S.3	1:Ins:T:1	0.9999999999995585	4.4156737437293263e-13	0.0	0.0	0.0	0.0	0.0	0.0
Stomach-AdenoCA::MSI-H.S.3	1:Ins:T:2	0.06205803628830868	0.9379419637116914	0.0	0.0	0.0	0.0	0.0	0.0
Stomach-AdenoCA::MSI-H.S.3	1:Ins:T:3	0.4651812060613177	0.5348187939386823	0.0	0.0	0.0	0.0	0.0	0.0
Stomach-AdenoCA::MSI-H.S.3	1:Ins:T:4	0.514489091173136	0.485510908826864	0.0	0.0	0.0	0.0	0.0	0.0
Stomach-AdenoCA::MSI-H.S.3	1:Ins:T:5	0.9844062684759963	0.0155937315240037	0.0	0.0	0.0	0.0	0.0	0.0
Stomach-AdenoCA::MSI-H.S.3	2:Del:R:0	0.4817661752242331	0.518233824775767	0.0	0.0	0.0	0.0	0.0	0.0
Stomach-AdenoCA::MSI-H.S.3	2:Del:R:1	0.07052589526741444	0.9294741047325856	0.0	0.0	0.0	0.0	0.0	0.0
Stomach-AdenoCA::MSI-H.S.3	2:Del:R:2	0.05368929859158549	0.9463107014084146	0.0	0.0	0.0	0.0	0.0	0.0
Stomach-AdenoCA::MSI-H.S.3	2:Del:R:3	0.11360444961353934	0.8863955503864608	0.0	0.0	0.0	0.0	0.0	0.0
Stomach-AdenoCA::MSI-H.S.3	2:Del:R:4	0.01355579952742438	0.9864442004725755	0.0	0.0	0.0	0.0	0.0	0.0
Stomach-AdenoCA::MSI-H.S.3	2:Del:R:5	0.13594076276931746	0.8640592372306825	0.0	0.0	0.0	0.0	0.0	0.0
Stomach-AdenoCA::MSI-H.S.3	3:Del:R:0	0.694542329181973	0.305457670818027	0.0	0.0	0.0	0.0	0.0	0.0
Stomach-AdenoCA::MSI-H.S.3	3:Del:R:1	0.1818820581522498	0.8181179418477502	0.0	0.0	0.0	0.0	0.0	0.0
Stomach-AdenoCA::MSI-H.S.3	3:Del:R:2	0.06940392981564704	0.9305960701843531	0.0	0.0	0.0	0.0	0.0	0.0
Stomach-AdenoCA::MSI-H.S.3	3:Del:R:3	0.16991488708225932	0.8300851129177407	0.0	0.0	0.0	0.0	0.0	0.0
Stomach-AdenoCA::MSI-H.S.3	3:Del:R:4	0.15616693834511924	0.8438330616548807	0.0	0.0	0.0	0.0	0.0	0.0
Stomach-AdenoCA::MSI-H.S.3	3:Del:R:5	0.1568336457277133	0.8431663542722868	0.0	0.0	0.0	0.0	0.0	0.0
Stomach-AdenoCA::MSI-H.S.3	4:Del:R:0	0.6465135495871236	0.3534864504128764	0.0	0.0	0.0	0.0	0.0	0.0
Stomach-AdenoCA::MSI-H.S.3	4:Del:R:1	0.08631836165585485	0.9136816383441452	0.0	0.0	0.0	0.0	0.0	0.0
Stomach-AdenoCA::MSI-H.S.3	4:Del:R:2	0.0013179275540845226	0.9986820724459156	0.0	0.0	0.0	0.0	0.0	0.0
Stomach-AdenoCA::MSI-H.S.3	4:Del:R:3	1.0106217828753143e-13	0.9999999999998989	0.0	0.0	0.0	0.0	0.0	0.0
Stomach-AdenoCA::MSI-H.S.3	4:Del:R:4	0.1568336457277133	0.8431663542722868	0.0	0.0	0.0	0.0	0.0	0.0
Stomach-AdenoCA::MSI-H.S.3	4:Del:R:5	0.029585414721188676	0.9704145852788114	0.0	0.0	0.0	0.0	0.0	0.0
Stomach-AdenoCA::MSI-H.S.3	5:Del:R:0	0.0459304653951775	0.9540695346048226	0.0	0.0	0.0	0.0	0.0	0.0
Stomach-AdenoCA::MSI-H.S.3	5:Del:R:1	0.014015470602387085	0.9859845293976129	0.0	0.0	0.0	0.0	0.0	0.0
Stomach-AdenoCA::MSI-H.S.3	5:Del:R:2	0.06590439624568882	0.9340956037543112	0.0	0.0	0.0	0.0	0.0	0.0
Stomach-AdenoCA::MSI-H.S.3	5:Del:R:3	0.02584131676295531	0.9741586832370448	0.0	0.0	0.0	0.0	0.0	0.0
Stomach-AdenoCA::MSI-H.S.3	5:Del:R:4	0.008084381123078643	0.9919156188769214	0.0	0.0	0.0	0.0	0.0	0.0
Stomach-AdenoCA::MSI-H.S.3	5:Del:R:5	0.24682940853354365	0.7531705914664564	0.0	0.0	0.0	0.0	0.0	0.0
Stomach-AdenoCA::MSI-H.S.3	2:Ins:R:0	0.2119248561639305	0.7880751438360696	0.0	0.0	0.0	0.0	0.0	0.0
Stomach-AdenoCA::MSI-H.S.3	2:Ins:R:1	0.006397353353757619	0.9936026466462424	0.0	0.0	0.0	0.0	0.0	0.0
Stomach-AdenoCA::MSI-H.S.3	2:Ins:R:2	0.045305379720361506	0.9546946202796385	0.0	0.0	0.0	0.0	0.0	0.0
Stomach-AdenoCA::MSI-H.S.3	2:Ins:R:3	0.23038805369847934	0.7696119463015206	0.0	0.0	0.0	0.0	0.0	0.0
Stomach-AdenoCA::MSI-H.S.3	2:Ins:R:4	0.2464218361876548	0.7535781638123452	0.0	0.0	0.0	0.0	0.0	0.0
Stomach-AdenoCA::MSI-H.S.3	2:Ins:R:5	0.22782588051080563	0.7721741194891943	0.0	0.0	0.0	0.0	0.0	0.0
Stomach-AdenoCA::MSI-H.S.3	3:Ins:R:0	0.0011737581041151614	0.9988262418958849	0.0	0.0	0.0	0.0	0.0	0.0
Stomach-AdenoCA::MSI-H.S.3	3:Ins:R:1	0.04404442470703263	0.9559555752929673	0.0	0.0	0.0	0.0	0.0	0.0
Stomach-AdenoCA::MSI-H.S.3	3:Ins:R:2	0.04452252067446638	0.9554774793255336	0.0	0.0	0.0	0.0	0.0	0.0
Stomach-AdenoCA::MSI-H.S.3	3:Ins:R:3	0.9245432183107264	0.07545678168927354	0.0	0.0	0.0	0.0	0.0	0.0
Stomach-AdenoCA::MSI-H.S.3	3:Ins:R:4	0.12215642104612473	0.8778435789538752	0.0	0.0	0.0	0.0	0.0	0.0
Stomach-AdenoCA::MSI-H.S.3	3:Ins:R:5	0.12940663498322968	0.8705933650167703	0.0	0.0	0.0	0.0	0.0	0.0
Stomach-AdenoCA::MSI-H.S.3	4:Ins:R:0	4.373345453276165e-14	0.9999999999999564	0.0	0.0	0.0	0.0	0.0	0.0
Stomach-AdenoCA::MSI-H.S.3	4:Ins:R:1	0.12069799405363658	0.8793020059463634	0.0	0.0	0.0	0.0	0.0	0.0
Stomach-AdenoCA::MSI-H.S.3	4:Ins:R:2	0.5787113228418657	0.42128867715813434	0.0	0.0	0.0	0.0	0.0	0.0
Stomach-AdenoCA::MSI-H.S.3	4:Ins:R:3	0.20675351935238395	0.793246480647616	0.0	0.0	0.0	0.0	0.0	0.0
Stomach-AdenoCA::MSI-H.S.3	4:Ins:R:4	0.22149540014276492	0.7785045998572352	0.0	0.0	0.0	0.0	0.0	0.0
Stomach-AdenoCA::MSI-H.S.3	4:Ins:R:5	0.09200373845049568	0.9079962615495043	0.0	0.0	0.0	0.0	0.0	0.0
Stomach-AdenoCA::MSI-H.S.3	5:Ins:R:0	0.1568336457277133	0.8431663542722868	0.0	0.0	0.0	0.0	0.0	0.0
Stomach-AdenoCA::MSI-H.S.3	5:Ins:R:1	0.702497379496338	0.29750262050366205	0.0	0.0	0.0	0.0	0.0	0.0
Stomach-AdenoCA::MSI-H.S.3	5:Ins:R:2	0.9109431422665123	0.08905685773348775	0.0	0.0	0.0	0.0	0.0	0.0
Stomach-AdenoCA::MSI-H.S.3	5:Ins:R:3	0.35008044575063474	0.6499195542493652	0.0	0.0	0.0	0.0	0.0	0.0
Stomach-AdenoCA::MSI-H.S.3	5:Ins:R:4	0.9643309107884722	0.03566908921152771	0.0	0.0	0.0	0.0	0.0	0.0
Stomach-AdenoCA::MSI-H.S.3	5:Ins:R:5	0.1870200585561623	0.8129799414438377	0.0	0.0	0.0	0.0	0.0	0.0
Stomach-AdenoCA::MSI-H.S.3	2:Del:M:1	0.6023106401942597	0.3976893598057404	0.0	0.0	0.0	0.0	0.0	0.0
Stomach-AdenoCA::MSI-H.S.3	3:Del:M:1	0.9708417070913916	0.02915829290860845	0.0	0.0	0.0	0.0	0.0	0.0
Stomach-AdenoCA::MSI-H.S.3	3:Del:M:2	0.10035965590186671	0.8996403440981332	0.0	0.0	0.0	0.0	0.0	0.0
Stomach-AdenoCA::MSI-H.S.3	4:Del:M:1	0.11232145193052621	0.8876785480694739	0.0	0.0	0.0	0.0	0.0	0.0
Stomach-AdenoCA::MSI-H.S.3	4:Del:M:2	0.05539834992807991	0.9446016500719202	0.0	0.0	0.0	0.0	0.0	0.0
Stomach-AdenoCA::MSI-H.S.3	4:Del:M:3	0.04891041385522978	0.9510895861447701	0.0	0.0	0.0	0.0	0.0	0.0
Stomach-AdenoCA::MSI-H.S.3	5:Del:M:1	0.00028973774418793044	0.9997102622558119	0.0	0.0	0.0	0.0	0.0	0.0
Stomach-AdenoCA::MSI-H.S.3	5:Del:M:2	4.4881343972654414e-07	0.9999995511865604	0.0	0.0	0.0	0.0	0.0	0.0
Stomach-AdenoCA::MSI-H.S.3	5:Del:M:3	9.121535023552793e-09	0.9999999908784649	0.0	0.0	0.0	0.0	0.0	0.0
Stomach-AdenoCA::MSI-H.S.3	5:Del:M:4	0.01826783400190615	0.9817321659980939	0.0	0.0	0.0	0.0	0.0	0.0
Stomach-AdenoCA::MSI-H.S.3	5:Del:M:5	0.05870326231456786	0.9412967376854321	0.0	0.0	0.0	0.0	0.0	0.0
Stomach-AdenoCA::MSI-H.S.4	1:Del:C:0	0.005301830760918879	0.994698169239081	0.0	0.0	0.0	0.0	0.0	0.0
Stomach-AdenoCA::MSI-H.S.4	1:Del:C:1	0.8491427902520884	0.15085720974791167	0.0	0.0	0.0	0.0	0.0	0.0
Stomach-AdenoCA::MSI-H.S.4	1:Del:C:2	1.711596156718206e-13	0.9999999999998287	0.0	0.0	0.0	0.0	0.0	0.0
Stomach-AdenoCA::MSI-H.S.4	1:Del:C:3	0.11039725327974499	0.8896027467202552	0.0	0.0	0.0	0.0	0.0	0.0
Stomach-AdenoCA::MSI-H.S.4	1:Del:C:4	0.028594715034515997	0.9714052849654841	0.0	0.0	0.0	0.0	0.0	0.0
Stomach-AdenoCA::MSI-H.S.4	1:Del:C:5	0.035756398227829445	0.9642436017721705	0.0	0.0	0.0	0.0	0.0	0.0
Stomach-AdenoCA::MSI-H.S.4	1:Del:T:0	0.025986442017916573	0.9740135579820833	0.0	0.0	0.0	0.0	0.0	0.0
Stomach-AdenoCA::MSI-H.S.4	1:Del:T:1	0.11875725500974427	0.8812427449902558	0.0	0.0	0.0	0.0	0.0	0.0
Stomach-AdenoCA::MSI-H.S.4	1:Del:T:2	0.020954198873927132	0.9790458011260729	0.0	0.0	0.0	0.0	0.0	0.0
Stomach-AdenoCA::MSI-H.S.4	1:Del:T:3	0.01791956731025459	0.9820804326897453	0.0	0.0	0.0	0.0	0.0	0.0
Stomach-AdenoCA::MSI-H.S.4	1:Del:T:4	0.014434961168332303	0.9855650388316677	0.0	0.0	0.0	0.0	0.0	0.0
Stomach-AdenoCA::MSI-H.S.4	1:Del:T:5	6.533794277985808e-19	1.0	0.0	0.0	0.0	0.0	0.0	0.0
Stomach-AdenoCA::MSI-H.S.4	1:Ins:C:0	0.11875725500974427	0.8812427449902558	0.0	0.0	0.0	0.0	0.0	0.0
Stomach-AdenoCA::MSI-H.S.4	1:Ins:C:1	2.3446935802048368e-15	0.9999999999999976	0.0	0.0	0.0	0.0	0.0	0.0
Stomach-AdenoCA::MSI-H.S.4	1:Ins:C:2	2.031703834883368e-14	0.9999999999999797	0.0	0.0	0.0	0.0	0.0	0.0
Stomach-AdenoCA::MSI-H.S.4	1:Ins:C:3	0.2403278609084994	0.7596721390915007	0.0	0.0	0.0	0.0	0.0	0.0
Stomach-AdenoCA::MSI-H.S.4	1:Ins:C:4	0.08976080955691458	0.9102391904430854	0.0	0.0	0.0	0.0	0.0	0.0
Stomach-AdenoCA::MSI-H.S.4	1:Ins:C:5	0.3023100767170678	0.6976899232829322	0.0	0.0	0.0	0.0	0.0	0.0
Stomach-AdenoCA::MSI-H.S.4	1:Ins:T:0	0.21657717551266603	0.7834228244873339	0.0	0.0	0.0	0.0	0.0	0.0
Stomach-AdenoCA::MSI-H.S.4	1:Ins:T:1	0.9999999999993906	6.094784460758508e-13	0.0	0.0	0.0	0.0	0.0	0.0
Stomach-AdenoCA::MSI-H.S.4	1:Ins:T:2	0.04574314060031774	0.9542568593996822	0.0	0.0	0.0	0.0	0.0	0.0
Stomach-AdenoCA::MSI-H.S.4	1:Ins:T:3	0.3865650805062756	0.6134349194937244	0.0	0.0	0.0	0.0	0.0	0.0
Stomach-AdenoCA::MSI-H.S.4	1:Ins:T:4	0.43430687548349683	0.5656931245165031	0.0	0.0	0.0	0.0	0.0	0.0
Stomach-AdenoCA::MSI-H.S.4	1:Ins:T:5	0.9786034477952983	0.021396552204701703	0.0	0.0	0.0	0.0	0.0	0.0
Stomach-AdenoCA::MSI-H.S.4	2:Del:R:0	0.4024563648136505	0.5975436351863495	0.0	0.0	0.0	0.0	0.0	0.0
Stomach-AdenoCA::MSI-H.S.4	2:Del:R:1	0.05210849957648292	0.9478915004235171	0.0	0.0	0.0	0.0	0.0	0.0
Stomach-AdenoCA::MSI-H.S.4	2:Del:R:2	0.03948190994510375	0.9605180900548963	0.0	0.0	0.0	0.0	0.0	0.0
Stomach-AdenoCA::MSI-H.S.4	2:Del:R:3	0.08496572414389661	0.9150342758561032	0.0	0.0	0.0	0.0	0.0	0.0
Stomach-AdenoCA::MSI-H.S.4	2:Del:R:4	0.009857997950806328	0.9901420020491936	0.0	0.0	0.0	0.0	0.0	0.0
Stomach-AdenoCA::MSI-H.S.4	2:Del:R:5	0.1023212328006106	0.8976787671993893	0.0	0.0	0.0	0.0	0.0	0.0
Stomach-AdenoCA::MSI-H.S.4	3:Del:R:0	0.6222640054505256	0.37773599454947443	0.0	0.0	0.0	0.0	0.0	0.0
Stomach-AdenoCA::MSI-H.S.4	3:Del:R:1	0.13872491104517903	0.8612750889548209	0.0	0.0	0.0	0.0	0.0	0.0
Stomach-AdenoCA::MSI-H.S.4	3:Del:R:2	0.051263368835002494	0.9487366311649975	0.0	0.0	0.0	0.0	0.0	0.0
Stomach-AdenoCA::MSI-H.S.4	3:Del:R:3	0.12914906195605774	0.8708509380439422	0.0	0.0	0.0	0.0	0.0	0.0
Stomach-AdenoCA::MSI-H.S.4	3:Del:R:4	0.11822971536968452	0.8817702846303156	0.0	0.0	0.0	0.0	0.0	0.0
Stomach-AdenoCA::MSI-H.S.4	3:Del:R:5	0.11875725500974427	0.8812427449902558	0.0	0.0	0.0	0.0	0.0	0.0
Stomach-AdenoCA::MSI-H.S.4	4:Del:R:0	0.5699080547330893	0.4300919452669107	0.0	0.0	0.0	0.0	0.0	0.0
Stomach-AdenoCA::MSI-H.S.4	4:Del:R:1	0.06406110329015087	0.9359388967098491	0.0	0.0	0.0	0.0	0.0	0.0
Stomach-AdenoCA::MSI-H.S.4	4:Del:R:2	0.0009551858493376914	0.9990448141506624	0.0	0.0	0.0	0.0	0.0	0.0
Stomach-AdenoCA::MSI-H.S.4	4:Del:R:3	7.32195879971684e-14	0.9999999999999267	0.0	0.0	0.0	0.0	0.0	0.0
Stomach-AdenoCA::MSI-H.S.4	4:Del:R:4	0.11875725500974427	0.8812427449902558	0.0	0.0	0.0	0.0	0.0	0.0
Stomach-AdenoCA::MSI-H.S.4	4:Del:R:5	0.021610789199254875	0.9783892108007451	0.0	0.0	0.0	0.0	0.0	0.0
Stomach-AdenoCA::MSI-H.S.4	5:Del:R:0	0.03370311358481017	0.9662968864151898	0.0	0.0	0.0	0.0	0.0	0.0
Stomach-AdenoCA::MSI-H.S.4	5:Del:R:1	0.01019357397991026	0.9898064260200897	0.0	0.0	0.0	0.0	0.0	0.0
Stomach-AdenoCA::MSI-H.S.4	5:Del:R:2	0.048630731503522685	0.9513692684964773	0.0	0.0	0.0	0.0	0.0	0.0
Stomach-AdenoCA::MSI-H.S.4	5:Del:R:3	0.01885628722733078	0.9811437127726692	0.0	0.0	0.0	0.0	0.0	0.0
Stomach-AdenoCA::MSI-H.S.4	5:Del:R:4	0.0058702117023622285	0.9941297882976378	0.0	0.0	0.0	0.0	0.0	0.0
Stomach-AdenoCA::MSI-H.S.4	5:Del:R:5	0.1918758297199588	0.8081241702800412	0.0	0.0	0.0	0.0	0.0	0.0
Stomach-AdenoCA::MSI-H.S.4	2:Ins:R:0	0.16305993082258513	0.8369400691774148	0.0	0.0	0.0	0.0	0.0	0.0
Stomach-AdenoCA::MSI-H.S.4	2:Ins:R:1	0.0046430682867458365	0.9953569317132541	0.0	0.0	0.0	0.0	0.0	0.0
Stomach-AdenoCA::MSI-H.S.4	2:Ins:R:2	0.033238637311309986	0.9667613626886901	0.0	0.0	0.0	0.0	0.0	0.0
Stomach-AdenoCA::MSI-H.S.4	2:Ins:R:3	0.17822873770039943	0.8217712622996006	0.0	0.0	0.0	0.0	0.0	0.0
Stomach-AdenoCA::MSI-H.S.4	2:Ins:R:4	0.19153592241389097	0.808464077586109	0.0	0.0	0.0	0.0	0.0	0.0
Stomach-AdenoCA::MSI-H.S.4	2:Ins:R:5	0.17611389439552647	0.8238861056044735	0.0	0.0	0.0	0.0	0.0	0.0
Stomach-AdenoCA::MSI-H.S.4	3:Ins:R:0	0.0008506632878989243	0.999149336712101	0.0	0.0	0.0	0.0	0.0	0.0
Stomach-AdenoCA::MSI-H.S.4	3:Ins:R:1	0.032302164683847084	0.967697835316153	0.0	0.0	0.0	0.0	0.0	0.0
Stomach-AdenoCA::MSI-H.S.4	3:Ins:R:2	0.03265715436946749	0.9673428456305324	0.0	0.0	0.0	0.0	0.0	0.0
Stomach-AdenoCA::MSI-H.S.4	3:Ins:R:3	0.8987549644740679	0.10124503552593211	0.0	0.0	0.0	0.0	0.0	0.0
Stomach-AdenoCA::MSI-H.S.4	3:Ins:R:4	0.09158456638581762	0.9084154336141823	0.0	0.0	0.0	0.0	0.0	0.0
Stomach-AdenoCA::MSI-H.S.4	3:Ins:R:5	0.0972212387965416	0.9027787612034583	0.0	0.0	0.0	0.0	0.0	0.0
Stomach-AdenoCA::MSI-H.S.4	4:Ins:R:0	3.168490504401407e-14	0.9999999999999682	0.0	0.0	0.0	0.0	0.0	0.0
Stomach-AdenoCA::MSI-H.S.4	4:Ins:R:1	0.09045352755105879	0.9095464724489412	0.0	0.0	0.0	0.0	0.0	0.0
Stomach-AdenoCA::MSI-H.S.4	4:Ins:R:2	0.49880312939849064	0.5011968706015094	0.0	0.0	0.0	0.0	0.0	0.0
Stomach-AdenoCA::MSI-H.S.4	4:Ins:R:3	0.15884065124725025	0.8411593487527497	0.0	0.0	0.0	0.0	0.0	0.0
Stomach-AdenoCA::MSI-H.S.4	4:Ins:R:4	0.1709022861294113	0.8290977138705887	0.0	0.0	0.0	0.0	0.0	0.0
Stomach-AdenoCA::MSI-H.S.4	4:Ins:R:5	0.06839023153213986	0.9316097684678601	0.0	0.0	0.0	0.0	0.0	0.0
Stomach-AdenoCA::MSI-H.S.4	5:Ins:R:0	0.11875725500974427	0.8812427449902558	0.0	0.0	0.0	0.0	0.0	0.0
Stomach-AdenoCA::MSI-H.S.4	5:Ins:R:1	0.6311016157951878	0.3688983842048122	0.0	0.0	0.0	0.0	0.0	0.0
Stomach-AdenoCA::MSI-H.S.4	5:Ins:R:2	0.8811046272665966	0.11889537273340348	0.0	0.0	0.0	0.0	0.0	0.0
Stomach-AdenoCA::MSI-H.S.4	5:Ins:R:3	0.2807067519926769	0.7192932480073231	0.0	0.0	0.0	0.0	0.0	0.0
Stomach-AdenoCA::MSI-H.S.4	5:Ins:R:4	0.9514261646225466	0.048573835377453495	0.0	0.0	0.0	0.0	0.0	0.0
Stomach-AdenoCA::MSI-H.S.4	5:Ins:R:5	0.14285664511417973	0.8571433548858203	0.0	0.0	0.0	0.0	0.0	0.0
Stomach-AdenoCA::MSI-H.S.4	2:Del:M:1	0.5231906378507095	0.4768093621492906	0.0	0.0	0.0	0.0	0.0	0.0
Stomach-AdenoCA::MSI-H.S.4	3:Del:M:1	0.9601952767823003	0.039804723217699706	0.0	0.0	0.0	0.0	0.0	0.0
Stomach-AdenoCA::MSI-H.S.4	3:Del:M:2	0.07477815486950104	0.925221845130499	0.0	0.0	0.0	0.0	0.0	0.0
Stomach-AdenoCA::MSI-H.S.4	4:Del:M:1	0.08397551792507114	0.9160244820749288	0.0	0.0	0.0	0.0	0.0	0.0
Stomach-AdenoCA::MSI-H.S.4	4:Del:M:2	0.04075818691611835	0.9592418130838816	0.0	0.0	0.0	0.0	0.0	0.0
Stomach-AdenoCA::MSI-H.S.4	4:Del:M:3	0.03591962385154636	0.9640803761484538	0.0	0.0	0.0	0.0	0.0	0.0
Stomach-AdenoCA::MSI-H.S.4	5:Del:M:1	0.00020993186716230597	0.9997900681328377	0.0	0.0	0.0	0.0	0.0	0.0
Stomach-AdenoCA::MSI-H.S.4	5:Del:M:2	3.251655541619528e-07	0.9999996748344459	0.0	0.0	0.0	0.0	0.0	0.0
Stomach-AdenoCA::MSI-H.S.4	5:Del:M:3	6.608555735900005e-09	0.9999999933914442	0.0	0.0	0.0	0.0	0.0	0.0
Stomach-AdenoCA::MSI-H.S.4	5:Del:M:4	0.013301998982246483	0.9866980010177535	0.0	0.0	0.0	0.0	0.0	0.0
Stomach-AdenoCA::MSI-H.S.4	5:Del:M:5	0.04322967840954853	0.9567703215904514	0.0	0.0	0.0	0.0	0.0	0.0
Stomach-AdenoCA::MSI-H.S.5	1:Del:C:0	0.0	1.0	0.0	0.0	0.0	0.0	0.0	0.0
Stomach-AdenoCA::MSI-H.S.5	1:Del:C:1	0.0	1.0	0.0	0.0	0.0	0.0	0.0	0.0
Stomach-AdenoCA::MSI-H.S.5	1:Del:C:2	0.0	1.0	0.0	0.0	0.0	0.0	0.0	0.0
Stomach-AdenoCA::MSI-H.S.5	1:Del:C:3	0.0	1.0	0.0	0.0	0.0	0.0	0.0	0.0
Stomach-AdenoCA::MSI-H.S.5	1:Del:C:4	0.0	1.0	0.0	0.0	0.0	0.0	0.0	0.0
Stomach-AdenoCA::MSI-H.S.5	1:Del:C:5	0.0	1.0	0.0	0.0	0.0	0.0	0.0	0.0
Stomach-AdenoCA::MSI-H.S.5	1:Del:T:0	0.0	1.0	0.0	0.0	0.0	0.0	0.0	0.0
Stomach-AdenoCA::MSI-H.S.5	1:Del:T:1	0.0	1.0	0.0	0.0	0.0	0.0	0.0	0.0
Stomach-AdenoCA::MSI-H.S.5	1:Del:T:2	0.0	1.0	0.0	0.0	0.0	0.0	0.0	0.0
Stomach-AdenoCA::MSI-H.S.5	1:Del:T:3	0.0	1.0	0.0	0.0	0.0	0.0	0.0	0.0
Stomach-AdenoCA::MSI-H.S.5	1:Del:T:4	0.0	1.0	0.0	0.0	0.0	0.0	0.0	0.0
Stomach-AdenoCA::MSI-H.S.5	1:Del:T:5	0.0	1.0	0.0	0.0	0.0	0.0	0.0	0.0
Stomach-AdenoCA::MSI-H.S.5	1:Ins:C:0	0.0	1.0	0.0	0.0	0.0	0.0	0.0	0.0
Stomach-AdenoCA::MSI-H.S.5	1:Ins:C:1	0.0	1.0	0.0	0.0	0.0	0.0	0.0	0.0
Stomach-AdenoCA::MSI-H.S.5	1:Ins:C:2	0.0	1.0	0.0	0.0	0.0	0.0	0.0	0.0
Stomach-AdenoCA::MSI-H.S.5	1:Ins:C:3	0.0	1.0	0.0	0.0	0.0	0.0	0.0	0.0
Stomach-AdenoCA::MSI-H.S.5	1:Ins:C:4	0.0	1.0	0.0	0.0	0.0	0.0	0.0	0.0
Stomach-AdenoCA::MSI-H.S.5	1:Ins:C:5	0.0	1.0	0.0	0.0	0.0	0.0	0.0	0.0
Stomach-AdenoCA::MSI-H.S.5	1:Ins:T:0	0.0	1.0	0.0	0.0	0.0	0.0	0.0	0.0
Stomach-AdenoCA::MSI-H.S.5	1:Ins:T:1	0.0	1.0	0.0	0.0	0.0	0.0	0.0	0.0
Stomach-AdenoCA::MSI-H.S.5	1:Ins:T:2	0.0	1.0	0.0	0.0	0.0	0.0	0.0	0.0
Stomach-AdenoCA::MSI-H.S.5	1:Ins:T:3	0.0	1.0	0.0	0.0	0.0	0.0	0.0	0.0
Stomach-AdenoCA::MSI-H.S.5	1:Ins:T:4	0.0	1.0	0.0	0.0	0.0	0.0	0.0	0.0
Stomach-AdenoCA::MSI-H.S.5	1:Ins:T:5	0.0	1.0	0.0	0.0	0.0	0.0	0.0	0.0
Stomach-AdenoCA::MSI-H.S.5	2:Del:R:0	0.0	1.0	0.0	0.0	0.0	0.0	0.0	0.0
Stomach-AdenoCA::MSI-H.S.5	2:Del:R:1	0.0	1.0	0.0	0.0	0.0	0.0	0.0	0.0
Stomach-AdenoCA::MSI-H.S.5	2:Del:R:2	0.0	1.0	0.0	0.0	0.0	0.0	0.0	0.0
Stomach-AdenoCA::MSI-H.S.5	2:Del:R:3	0.0	1.0	0.0	0.0	0.0	0.0	0.0	0.0
Stomach-AdenoCA::MSI-H.S.5	2:Del:R:4	0.0	1.0	0.0	0.0	0.0	0.0	0.0	0.0
Stomach-AdenoCA::MSI-H.S.5	2:Del:R:5	0.0	1.0	0.0	0.0	0.0	0.0	0.0	0.0
Stomach-AdenoCA::MSI-H.S.5	3:Del:R:0	0.0	1.0	0.0	0.0	0.0	0.0	0.0	0.0
Stomach-AdenoCA::MSI-H.S.5	3:Del:R:1	0.0	1.0	0.0	0.0	0.0	0.0	0.0	0.0
Stomach-AdenoCA::MSI-H.S.5	3:Del:R:2	0.0	1.0	0.0	0.0	0.0	0.0	0.0	0.0
Stomach-AdenoCA::MSI-H.S.5	3:Del:R:3	0.0	1.0	0.0	0.0	0.0	0.0	0.0	0.0
Stomach-AdenoCA::MSI-H.S.5	3:Del:R:4	0.0	1.0	0.0	0.0	0.0	0.0	0.0	0.0
Stomach-AdenoCA::MSI-H.S.5	3:Del:R:5	0.0	1.0	0.0	0.0	0.0	0.0	0.0	0.0
Stomach-AdenoCA::MSI-H.S.5	4:Del:R:0	0.0	1.0	0.0	0.0	0.0	0.0	0.0	0.0
Stomach-AdenoCA::MSI-H.S.5	4:Del:R:1	0.0	1.0	0.0	0.0	0.0	0.0	0.0	0.0
Stomach-AdenoCA::MSI-H.S.5	4:Del:R:2	0.0	1.0	0.0	0.0	0.0	0.0	0.0	0.0
Stomach-AdenoCA::MSI-H.S.5	4:Del:R:3	0.0	1.0	0.0	0.0	0.0	0.0	0.0	0.0
Stomach-AdenoCA::MSI-H.S.5	4:Del:R:4	0.0	1.0	0.0	0.0	0.0	0.0	0.0	0.0
Stomach-AdenoCA::MSI-H.S.5	4:Del:R:5	0.0	1.0	0.0	0.0	0.0	0.0	0.0	0.0
Stomach-AdenoCA::MSI-H.S.5	5:Del:R:0	0.0	1.0	0.0	0.0	0.0	0.0	0.0	0.0
Stomach-AdenoCA::MSI-H.S.5	5:Del:R:1	0.0	1.0	0.0	0.0	0.0	0.0	0.0	0.0
Stomach-AdenoCA::MSI-H.S.5	5:Del:R:2	0.0	1.0	0.0	0.0	0.0	0.0	0.0	0.0
Stomach-AdenoCA::MSI-H.S.5	5:Del:R:3	0.0	1.0	0.0	0.0	0.0	0.0	0.0	0.0
Stomach-AdenoCA::MSI-H.S.5	5:Del:R:4	0.0	1.0	0.0	0.0	0.0	0.0	0.0	0.0
Stomach-AdenoCA::MSI-H.S.5	5:Del:R:5	0.0	1.0	0.0	0.0	0.0	0.0	0.0	0.0
Stomach-AdenoCA::MSI-H.S.5	2:Ins:R:0	0.0	1.0	0.0	0.0	0.0	0.0	0.0	0.0
Stomach-AdenoCA::MSI-H.S.5	2:Ins:R:1	0.0	1.0	0.0	0.0	0.0	0.0	0.0	0.0
Stomach-AdenoCA::MSI-H.S.5	2:Ins:R:2	0.0	1.0	0.0	0.0	0.0	0.0	0.0	0.0
Stomach-AdenoCA::MSI-H.S.5	2:Ins:R:3	0.0	1.0	0.0	0.0	0.0	0.0	0.0	0.0
Stomach-AdenoCA::MSI-H.S.5	2:Ins:R:4	0.0	1.0	0.0	0.0	0.0	0.0	0.0	0.0
Stomach-AdenoCA::MSI-H.S.5	2:Ins:R:5	0.0	1.0	0.0	0.0	0.0	0.0	0.0	0.0
Stomach-AdenoCA::MSI-H.S.5	3:Ins:R:0	0.0	1.0	0.0	0.0	0.0	0.0	0.0	0.0
Stomach-AdenoCA::MSI-H.S.5	3:Ins:R:1	0.0	1.0	0.0	0.0	0.0	0.0	0.0	0.0
Stomach-AdenoCA::MSI-H.S.5	3:Ins:R:2	0.0	1.0	0.0	0.0	0.0	0.0	0.0	0.0
Stomach-AdenoCA::MSI-H.S.5	3:Ins:R:3	0.0	1.0	0.0	0.0	0.0	0.0	0.0	0.0
Stomach-AdenoCA::MSI-H.S.5	3:Ins:R:4	0.0	1.0	0.0	0.0	0.0	0.0	0.0	0.0
Stomach-AdenoCA::MSI-H.S.5	3:Ins:R:5	0.0	1.0	0.0	0.0	0.0	0.0	0.0	0.0
Stomach-AdenoCA::MSI-H.S.5	4:Ins:R:0	0.0	1.0	0.0	0.0	0.0	0.0	0.0	0.0
Stomach-AdenoCA::MSI-H.S.5	4:Ins:R:1	0.0	1.0	0.0	0.0	0.0	0.0	0.0	0.0
Stomach-AdenoCA::MSI-H.S.5	4:Ins:R:2	0.0	1.0	0.0	0.0	0.0	0.0	0.0	0.0
Stomach-AdenoCA::MSI-H.S.5	4:Ins:R:3	0.0	1.0	0.0	0.0	0.0	0.0	0.0	0.0
Stomach-AdenoCA::MSI-H.S.5	4:Ins:R:4	0.0	1.0	0.0	0.0	0.0	0.0	0.0	0.0
Stomach-AdenoCA::MSI-H.S.5	4:Ins:R:5	0.0	1.0	0.0	0.0	0.0	0.0	0.0	0.0
Stomach-AdenoCA::MSI-H.S.5	5:Ins:R:0	0.0	1.0	0.0	0.0	0.0	0.0	0.0	0.0
Stomach-AdenoCA::MSI-H.S.5	5:Ins:R:1	0.0	1.0	0.0	0.0	0.0	0.0	0.0	0.0
Stomach-AdenoCA::MSI-H.S.5	5:Ins:R:2	0.0	1.0	0.0	0.0	0.0	0.0	0.0	0.0
Stomach-AdenoCA::MSI-H.S.5	5:Ins:R:3	0.0	1.0	0.0	0.0	0.0	0.0	0.0	0.0
Stomach-AdenoCA::MSI-H.S.5	5:Ins:R:4	0.0	1.0	0.0	0.0	0.0	0.0	0.0	0.0
Stomach-AdenoCA::MSI-H.S.5	5:Ins:R:5	0.0	1.0	0.0	0.0	0.0	0.0	0.0	0.0
Stomach-AdenoCA::MSI-H.S.5	2:Del:M:1	0.0	1.0	0.0	0.0	0.0	0.0	0.0	0.0
Stomach-AdenoCA::MSI-H.S.5	3:Del:M:1	0.0	1.0	0.0	0.0	0.0	0.0	0.0	0.0
Stomach-AdenoCA::MSI-H.S.5	3:Del:M:2	0.0	1.0	0.0	0.0	0.0	0.0	0.0	0.0
Stomach-AdenoCA::MSI-H.S.5	4:Del:M:1	0.0	1.0	0.0	0.0	0.0	0.0	0.0	0.0
Stomach-AdenoCA::MSI-H.S.5	4:Del:M:2	0.0	1.0	0.0	0.0	0.0	0.0	0.0	0.0
Stomach-AdenoCA::MSI-H.S.5	4:Del:M:3	0.0	1.0	0.0	0.0	0.0	0.0	0.0	0.0
Stomach-AdenoCA::MSI-H.S.5	5:Del:M:1	0.0	1.0	0.0	0.0	0.0	0.0	0.0	0.0
Stomach-AdenoCA::MSI-H.S.5	5:Del:M:2	0.0	1.0	0.0	0.0	0.0	0.0	0.0	0.0
Stomach-AdenoCA::MSI-H.S.5	5:Del:M:3	0.0	1.0	0.0	0.0	0.0	0.0	0.0	0.0
Stomach-AdenoCA::MSI-H.S.5	5:Del:M:4	0.0	1.0	0.0	0.0	0.0	0.0	0.0	0.0
Stomach-AdenoCA::MSI-H.S.5	5:Del:M:5	0.0	1.0	0.0	0.0	0.0	0.0	0.0	0.0
Stomach-AdenoCA::MSI-H.S.6	1:Del:C:0	0.008954374933185134	0.9910456250668149	0.0	0.0	0.0	0.0	0.0	0.0
Stomach-AdenoCA::MSI-H.S.6	1:Del:C:1	0.9051378455552871	0.09486215444471298	0.0	0.0	0.0	0.0	0.0	0.0
Stomach-AdenoCA::MSI-H.S.6	1:Del:C:2	2.901405212820914e-13	0.9999999999997099	0.0	0.0	0.0	0.0	0.0	0.0
Stomach-AdenoCA::MSI-H.S.6	1:Del:C:3	0.17380153940346496	0.826198460596535	0.0	0.0	0.0	0.0	0.0	0.0
Stomach-AdenoCA::MSI-H.S.6	1:Del:C:4	0.047527486475843206	0.9524725135241567	0.0	0.0	0.0	0.0	0.0	0.0
Stomach-AdenoCA::MSI-H.S.6	1:Del:C:5	0.05914227663909945	0.9408577233609006	0.0	0.0	0.0	0.0	0.0	0.0
Stomach-AdenoCA::MSI-H.S.6	1:Del:T:0	0.043269180296365534	0.9567308197036345	0.0	0.0	0.0	0.0	0.0	0.0
Stomach-AdenoCA::MSI-H.S.6	1:Del:T:1	0.18595926400980434	0.8140407359901957	0.0	0.0	0.0	0.0	0.0	0.0
Stomach-AdenoCA::MSI-H.S.6	1:Del:T:2	0.035010454203086745	0.9649895457969132	0.0	0.0	0.0	0.0	0.0	0.0
Stomach-AdenoCA::MSI-H.S.6	1:Del:T:3	0.030002547958073472	0.9699974520419264	0.0	0.0	0.0	0.0	0.0	0.0
Stomach-AdenoCA::MSI-H.S.6	1:Del:T:4	0.024226269111370696	0.9757737308886293	0.0	0.0	0.0	0.0	0.0	0.0
Stomach-AdenoCA::MSI-H.S.6	1:Del:T:5	1.1075734602020854e-18	1.0	0.0	0.0	0.0	0.0	0.0	0.0
Stomach-AdenoCA::MSI-H.S.6	1:Ins:C:0	0.18595926400980434	0.8140407359901957	0.0	0.0	0.0	0.0	0.0	0.0
Stomach-AdenoCA::MSI-H.S.6	1:Ins:C:1	3.974597716507295e-15	0.999999999999996	0.0	0.0	0.0	0.0	0.0	0.0
Stomach-AdenoCA::MSI-H.S.6	1:Ins:C:2	3.444034432013493e-14	0.9999999999999656	0.0	0.0	0.0	0.0	0.0	0.0
Stomach-AdenoCA::MSI-H.S.6	1:Ins:C:3	0.34907354100331917	0.6509264589966809	0.0	0.0	0.0	0.0	0.0	0.0
Stomach-AdenoCA::MSI-H.S.6	1:Ins:C:4	0.14322112051356492	0.856778879486435	0.0	0.0	0.0	0.0	0.0	0.0
Stomach-AdenoCA::MSI-H.S.6	1:Ins:C:5	0.4234680433140461	0.576531956685954	0.0	0.0	0.0	0.0	0.0	0.0
Stomach-AdenoCA::MSI-H.S.6	1:Ins:T:0	0.31909003403678793	0.6809099659632121	0.0	0.0	0.0	0.0	0.0	0.0
Stomach-AdenoCA::MSI-H.S.6	1:Ins:T:1	0.9999999999996405	3.595433555080389e-13	0.0	0.0	0.0	0.0	0.0	0.0
Stomach-AdenoCA::MSI-H.S.6	1:Ins:T:2	0.07515161456119313	0.9248483854388069	0.0	0.0	0.0	0.0	0.0	0.0
Stomach-AdenoCA::MSI-H.S.6	1:Ins:T:3	0.5164927334791202	0.48350726652087983	0.0	0.0	0.0	0.0	0.0	0.0
Stomach-AdenoCA::MSI-H.S.6	1:Ins:T:4	0.5654887187105399	0.4345112812894602	0.0	0.0	0.0	0.0	0.0	0.0
Stomach-AdenoCA::MSI-H.S.6	1:Ins:T:5	0.9872660200583592	0.0127339799416408	0.0	0.0	0.0	0.0	0.0	0.0
Stomach-AdenoCA::MSI-H.S.6	2:Del:R:0	0.5330836378962817	0.46691636210371834	0.0	0.0	0.0	0.0	0.0	0.0
Stomach-AdenoCA::MSI-H.S.6	2:Del:R:1	0.08524372526137823	0.9147562747386218	0.0	0.0	0.0	0.0	0.0	0.0
Stomach-AdenoCA::MSI-H.S.6	2:Del:R:2	0.0651397914996812	0.9348602085003189	0.0	0.0	0.0	0.0	0.0	0.0
Stomach-AdenoCA::MSI-H.S.6	2:Del:R:3	0.13599683964261308	0.864003160357387	0.0	0.0	0.0	0.0	0.0	0.0
Stomach-AdenoCA::MSI-H.S.6	2:Del:R:4	0.01659700973227267	0.9834029902677274	0.0	0.0	0.0	0.0	0.0	0.0
Stomach-AdenoCA::MSI-H.S.6	2:Del:R:5	0.16193152312156125	0.8380684768784387	0.0	0.0	0.0	0.0	0.0	0.0
Stomach-AdenoCA::MSI-H.S.6	3:Del:R:0	0.7363217822782085	0.2636782177217914	0.0	0.0	0.0	0.0	0.0	0.0
Stomach-AdenoCA::MSI-H.S.6	3:Del:R:1	0.21447615919094817	0.7855238408090518	0.0	0.0	0.0	0.0	0.0	0.0
Stomach-AdenoCA::MSI-H.S.6	3:Del:R:2	0.08390875738842792	0.9160912426115719	0.0	0.0	0.0	0.0	0.0	0.0
Stomach-AdenoCA::MSI-H.S.6	3:Del:R:3	0.20089102138247827	0.7991089786175218	0.0	0.0	0.0	0.0	0.0	0.0
Stomach-AdenoCA::MSI-H.S.6	3:Del:R:4	0.18519593723991484	0.8148040627600853	0.0	0.0	0.0	0.0	0.0	0.0
Stomach-AdenoCA::MSI-H.S.6	3:Del:R:5	0.18595926400980434	0.8140407359901957	0.0	0.0	0.0	0.0	0.0	0.0
Stomach-AdenoCA::MSI-H.S.6	4:Del:R:0	0.6919485617846645	0.30805143821533554	0.0	0.0	0.0	0.0	0.0	0.0
Stomach-AdenoCA::MSI-H.S.6	4:Del:R:1	0.10396324495510337	0.8960367550448965	0.0	0.0	0.0	0.0	0.0	0.0
Stomach-AdenoCA::MSI-H.S.6	4:Del:R:2	0.0016181049679737708	0.9983818950320262	0.0	0.0	0.0	0.0	0.0	0.0
Stomach-AdenoCA::MSI-H.S.6	4:Del:R:3	1.2411788462000744e-13	0.9999999999998759	0.0	0.0	0.0	0.0	0.0	0.0
Stomach-AdenoCA::MSI-H.S.6	4:Del:R:4	0.18595926400980434	0.8140407359901957	0.0	0.0	0.0	0.0	0.0	0.0
Stomach-AdenoCA::MSI-H.S.6	4:Del:R:5	0.03609125443361155	0.9639087455663884	0.0	0.0	0.0	0.0	0.0	0.0
Stomach-AdenoCA::MSI-H.S.6	5:Del:R:0	0.055823821961981886	0.9441761780380181	0.0	0.0	0.0	0.0	0.0	0.0
Stomach-AdenoCA::MSI-H.S.6	5:Del:R:1	0.01715801312539769	0.9828419868746023	0.0	0.0	0.0	0.0	0.0	0.0
Stomach-AdenoCA::MSI-H.S.6	5:Del:R:2	0.07974052078400432	0.9202594792159956	0.0	0.0	0.0	0.0	0.0	0.0
Stomach-AdenoCA::MSI-H.S.6	5:Del:R:3	0.03155059689290355	0.9684494031070965	0.0	0.0	0.0	0.0	0.0	0.0
Stomach-AdenoCA::MSI-H.S.6	5:Del:R:4	0.00991042430880041	0.9900895756911996	0.0	0.0	0.0	0.0	0.0	0.0
Stomach-AdenoCA::MSI-H.S.6	5:Del:R:5	0.28697968877876706	0.7130203112212329	0.0	0.0	0.0	0.0	0.0	0.0
Stomach-AdenoCA::MSI-H.S.6	2:Ins:R:0	0.24826897538278972	0.7517310246172103	0.0	0.0	0.0	0.0	0.0	0.0
Stomach-AdenoCA::MSI-H.S.6	2:Ins:R:1	0.007845356434012588	0.9921546435659875	0.0	0.0	0.0	0.0	0.0	0.0
Stomach-AdenoCA::MSI-H.S.6	2:Ins:R:2	0.05507186571470508	0.944928134285295	0.0	0.0	0.0	0.0	0.0	0.0
Stomach-AdenoCA::MSI-H.S.6	2:Ins:R:3	0.2688184579135197	0.7311815420864803	0.0	0.0	0.0	0.0	0.0	0.0
Stomach-AdenoCA::MSI-H.S.6	2:Ins:R:4	0.2865310407701975	0.7134689592298026	0.0	0.0	0.0	0.0	0.0	0.0
Stomach-AdenoCA::MSI-H.S.6	2:Ins:R:5	0.2659766005597761	0.7340233994402239	0.0	0.0	0.0	0.0	0.0	0.0
Stomach-AdenoCA::MSI-H.S.6	3:Ins:R:0	0.001441146187074857	0.9985588538129251	0.0	0.0	0.0	0.0	0.0	0.0
Stomach-AdenoCA::MSI-H.S.6	3:Ins:R:1	0.053554334672242736	0.9464456653277573	0.0	0.0	0.0	0.0	0.0	0.0
Stomach-AdenoCA::MSI-H.S.6	3:Ins:R:2	0.054129814160195286	0.9458701858398048	0.0	0.0	0.0	0.0	0.0	0.0
Stomach-AdenoCA::MSI-H.S.6	3:Ins:R:3	0.9376863831288623	0.06231361687113766	0.0	0.0	0.0	0.0	0.0	0.0
Stomach-AdenoCA::MSI-H.S.6	3:Ins:R:4	0.1459569089969735	0.8540430910030266	0.0	0.0	0.0	0.0	0.0	0.0
Stomach-AdenoCA::MSI-H.S.6	3:Ins:R:5	0.15437131632891965	0.8456286836710804	0.0	0.0	0.0	0.0	0.0	0.0
Stomach-AdenoCA::MSI-H.S.6	4:Ins:R:0	5.371053697544749e-14	0.9999999999999463	0.0	0.0	0.0	0.0	0.0	0.0
Stomach-AdenoCA::MSI-H.S.6	4:Ins:R:1	0.14426102438357527	0.8557389756164246	0.0	0.0	0.0	0.0	0.0	0.0
Stomach-AdenoCA::MSI-H.S.6	4:Ins:R:2	0.6278446349230187	0.37215536507698127	0.0	0.0	0.0	0.0	0.0	0.0
Stomach-AdenoCA::MSI-H.S.6	4:Ins:R:3	0.24248365743144268	0.7575163425685574	0.0	0.0	0.0	0.0	0.0	0.0
Stomach-AdenoCA::MSI-H.S.6	4:Ins:R:4	0.25894153204890846	0.7410584679510915	0.0	0.0	0.0	0.0	0.0	0.0
Stomach-AdenoCA::MSI-H.S.6	4:Ins:R:5	0.11067003568178199	0.8893299643182181	0.0	0.0	0.0	0.0	0.0	0.0
Stomach-AdenoCA::MSI-H.S.6	5:Ins:R:0	0.18595926400980434	0.8140407359901957	0.0	0.0	0.0	0.0	0.0	0.0
Stomach-AdenoCA::MSI-H.S.6	5:Ins:R:1	0.7435904572395529	0.256409542760447	0.0	0.0	0.0	0.0	0.0	0.0
Stomach-AdenoCA::MSI-H.S.6	5:Ins:R:2	0.9262662650393109	0.07373373496068915	0.0	0.0	0.0	0.0	0.0	0.0
Stomach-AdenoCA::MSI-H.S.6	5:Ins:R:3	0.39814751963799283	0.6018524803620072	0.0	0.0	0.0	0.0	0.0	0.0
Stomach-AdenoCA::MSI-H.S.6	5:Ins:R:4	0.9707629588868141	0.029237041113185955	0.0	0.0	0.0	0.0	0.0	0.0
Stomach-AdenoCA::MSI-H.S.6	5:Ins:R:5	0.22028699023486076	0.7797130097651391	0.0	0.0	0.0	0.0	0.0	0.0
Stomach-AdenoCA::MSI-H.S.6	2:Del:M:1	0.6503545354501532	0.3496454645498468	0.0	0.0	0.0	0.0	0.0	0.0
Stomach-AdenoCA::MSI-H.S.6	3:Del:M:1	0.9761287552650414	0.023871244734958604	0.0	0.0	0.0	0.0	0.0	0.0
Stomach-AdenoCA::MSI-H.S.6	3:Del:M:2	0.12049627811453088	0.8795037218854691	0.0	0.0	0.0	0.0	0.0	0.0
Stomach-AdenoCA::MSI-H.S.6	4:Del:M:1	0.13449932515588525	0.8655006748441146	0.0	0.0	0.0	0.0	0.0	0.0
Stomach-AdenoCA::MSI-H.S.6	4:Del:M:2	0.06718745891082148	0.9328125410891787	0.0	0.0	0.0	0.0	0.0	0.0
Stomach-AdenoCA::MSI-H.S.6	4:Del:M:3	0.059405680246524636	0.9405943197534753	0.0	0.0	0.0	0.0	0.0	0.0
Stomach-AdenoCA::MSI-H.S.6	5:Del:M:1	0.00035581321956088696	0.9996441867804391	0.0	0.0	0.0	0.0	0.0	0.0
Stomach-AdenoCA::MSI-H.S.6	5:Del:M:2	5.512029323740916e-07	0.9999994487970677	0.0	0.0	0.0	0.0	0.0	0.0
Stomach-AdenoCA::MSI-H.S.6	5:Del:M:3	1.12024661296507e-08	0.9999999887975338	0.0	0.0	0.0	0.0	0.0	0.0
Stomach-AdenoCA::MSI-H.S.6	5:Del:M:4	0.02234223423386996	0.9776577657661301	0.0	0.0	0.0	0.0	0.0	0.0
Stomach-AdenoCA::MSI-H.S.6	5:Del:M:5	0.07114270745345415	0.9288572925465458	0.0	0.0	0.0	0.0	0.0	0.0
Stomach-AdenoCA::MSI-H.S.7	1:Del:C:0	0.007260122201378494	0.9927398777986216	0.0	0.0	0.0	0.0	0.0	0.0
Stomach-AdenoCA::MSI-H.S.7	1:Del:C:1	0.8853611352121366	0.11463886478786352	0.0	0.0	0.0	0.0	0.0	0.0
Stomach-AdenoCA::MSI-H.S.7	1:Del:C:2	2.3484170448971615e-13	0.9999999999997651	0.0	0.0	0.0	0.0	0.0	0.0
Stomach-AdenoCA::MSI-H.S.7	1:Del:C:3	0.14549574820144676	0.8545042517985532	0.0	0.0	0.0	0.0	0.0	0.0
Stomach-AdenoCA::MSI-H.S.7	1:Del:C:4	0.03882072399116833	0.9611792760088316	0.0	0.0	0.0	0.0	0.0	0.0
Stomach-AdenoCA::MSI-H.S.7	1:Del:C:5	0.04841590937448116	0.951584090625519	0.0	0.0	0.0	0.0	0.0	0.0
Stomach-AdenoCA::MSI-H.S.7	1:Del:T:0	0.03531359238375837	0.9646864076162416	0.0	0.0	0.0	0.0	0.0	0.0
Stomach-AdenoCA::MSI-H.S.7	1:Del:T:1	0.15604741082351156	0.8439525891764885	0.0	0.0	0.0	0.0	0.0	0.0
Stomach-AdenoCA::MSI-H.S.7	1:Del:T:2	0.02852805969250671	0.9714719403074932	0.0	0.0	0.0	0.0	0.0	0.0
Stomach-AdenoCA::MSI-H.S.7	1:Del:T:3	0.02442392859184091	0.975576071408159	0.0	0.0	0.0	0.0	0.0	0.0
Stomach-AdenoCA::MSI-H.S.7	1:Del:T:4	0.019699867858489914	0.9803001321415101	0.0	0.0	0.0	0.0	0.0	0.0
Stomach-AdenoCA::MSI-H.S.7	1:Del:T:5	8.964774657881295e-19	1.0	0.0	0.0	0.0	0.0	0.0	0.0
Stomach-AdenoCA::MSI-H.S.7	1:Ins:C:0	0.15604741082351156	0.8439525891764885	0.0	0.0	0.0	0.0	0.0	0.0
Stomach-AdenoCA::MSI-H.S.7	1:Ins:C:1	3.2170663314482334e-15	0.9999999999999968	0.0	0.0	0.0	0.0	0.0	0.0
Stomach-AdenoCA::MSI-H.S.7	1:Ins:C:2	2.7876248128365208e-14	0.9999999999999721	0.0	0.0	0.0	0.0	0.0	0.0
Stomach-AdenoCA::MSI-H.S.7	1:Ins:C:3	0.3026801163255264	0.6973198836744736	0.0	0.0	0.0	0.0	0.0	0.0
Stomach-AdenoCA::MSI-H.S.7	1:Ins:C:4	0.11917732616381607	0.880822673836184	0.0	0.0	0.0	0.0	0.0	0.0
Stomach-AdenoCA::MSI-H.S.7	1:Ins:C:5	0.37285073944534053	0.6271492605546594	0.0	0.0	0.0	0.0	0.0	0.0
Stomach-AdenoCA::MSI-H.S.7	1:Ins:T:0	0.2749980256267713	0.7250019743732287	0.0	0.0	0.0	0.0	0.0	0.0
Stomach-AdenoCA::MSI-H.S.7	1:Ins:T:1	0.9999999999995557	4.442060102454238e-13	0.0	0.0	0.0	0.0	0.0	0.0
Stomach-AdenoCA::MSI-H.S.7	1:Ins:T:2	0.061712153340094875	0.9382878466599051	0.0	0.0	0.0	0.0	0.0	0.0
Stomach-AdenoCA::MSI-H.S.7	1:Ins:T:3	0.46369928329605037	0.5363007167039495	0.0	0.0	0.0	0.0	0.0	0.0
Stomach-AdenoCA::MSI-H.S.7	1:Ins:T:4	0.5130007603159729	0.48699923968402703	0.0	0.0	0.0	0.0	0.0	0.0
Stomach-AdenoCA::MSI-H.S.7	1:Ins:T:5	0.9843145479701058	0.015685452029894346	0.0	0.0	0.0	0.0	0.0	0.0
Stomach-AdenoCA::MSI-H.S.7	2:Del:R:0	0.4802788644787876	0.5197211355212124	0.0	0.0	0.0	0.0	0.0	0.0
Stomach-AdenoCA::MSI-H.S.7	2:Del:R:1	0.07013634553291438	0.9298636544670856	0.0	0.0	0.0	0.0	0.0	0.0
Stomach-AdenoCA::MSI-H.S.7	2:Del:R:2	0.05338740420260989	0.9466125957973902	0.0	0.0	0.0	0.0	0.0	0.0
Stomach-AdenoCA::MSI-H.S.7	2:Del:R:3	0.113005884897754	0.8869941151022461	0.0	0.0	0.0	0.0	0.0	0.0
Stomach-AdenoCA::MSI-H.S.7	2:Del:R:4	0.013476361643739209	0.9865236383562609	0.0	0.0	0.0	0.0	0.0	0.0
Stomach-AdenoCA::MSI-H.S.7	2:Del:R:5	0.13524246751894317	0.8647575324810567	0.0	0.0	0.0	0.0	0.0	0.0
Stomach-AdenoCA::MSI-H.S.7	3:Del:R:0	0.6932768930055101	0.30672310699448996	0.0	0.0	0.0	0.0	0.0	0.0
Stomach-AdenoCA::MSI-H.S.7	3:Del:R:1	0.18099720688975282	0.8190027931102472	0.0	0.0	0.0	0.0	0.0	0.0
Stomach-AdenoCA::MSI-H.S.7	3:Del:R:2	0.06902011707184505	0.9309798829281549	0.0	0.0	0.0	0.0	0.0	0.0
Stomach-AdenoCA::MSI-H.S.7	3:Del:R:3	0.16907622376153658	0.8309237762384634	0.0	0.0	0.0	0.0	0.0	0.0
Stomach-AdenoCA::MSI-H.S.7	3:Del:R:4	0.15538342982142087	0.8446165701785792	0.0	0.0	0.0	0.0	0.0	0.0
Stomach-AdenoCA::MSI-H.S.7	3:Del:R:5	0.15604741082351156	0.8439525891764885	0.0	0.0	0.0	0.0	0.0	0.0
Stomach-AdenoCA::MSI-H.S.7	4:Del:R:0	0.6451507986310735	0.3548492013689264	0.0	0.0	0.0	0.0	0.0	0.0
Stomach-AdenoCA::MSI-H.S.7	4:Del:R:1	0.0858496390971051	0.914150360902895	0.0	0.0	0.0	0.0	0.0	0.0
Stomach-AdenoCA::MSI-H.S.7	4:Del:R:2	0.0013101091660026067	0.9986898908339974	0.0	0.0	0.0	0.0	0.0	0.0
Stomach-AdenoCA::MSI-H.S.7	4:Del:R:3	1.0046185707883294e-13	0.9999999999998996	0.0	0.0	0.0	0.0	0.0	0.0
Stomach-AdenoCA::MSI-H.S.7	4:Del:R:4	0.15604741082351156	0.8439525891764885	0.0	0.0	0.0	0.0	0.0	0.0
Stomach-AdenoCA::MSI-H.S.7	4:Del:R:5	0.02941484327217488	0.9705851567278252	0.0	0.0	0.0	0.0	0.0	0.0
Stomach-AdenoCA::MSI-H.S.7	5:Del:R:0	0.04567009331552677	0.9543299066844733	0.0	0.0	0.0	0.0	0.0	0.0
Stomach-AdenoCA::MSI-H.S.7	5:Del:R:1	0.013933377063888681	0.9860666229361111	0.0	0.0	0.0	0.0	0.0	0.0
Stomach-AdenoCA::MSI-H.S.7	5:Del:R:2	0.06553857342273427	0.9344614265772657	0.0	0.0	0.0	0.0	0.0	0.0
Stomach-AdenoCA::MSI-H.S.7	5:Del:R:3	0.02569176000323342	0.9743082399967665	0.0	0.0	0.0	0.0	0.0	0.0
Stomach-AdenoCA::MSI-H.S.7	5:Del:R:4	0.008036744891660128	0.9919632551083399	0.0	0.0	0.0	0.0	0.0	0.0
Stomach-AdenoCA::MSI-H.S.7	5:Del:R:5	0.2457234915779324	0.7542765084220676	0.0	0.0	0.0	0.0	0.0	0.0
Stomach-AdenoCA::MSI-H.S.7	2:Ins:R:0	0.21093153058570746	0.7890684694142925	0.0	0.0	0.0	0.0	0.0	0.0
Stomach-AdenoCA::MSI-H.S.7	2:Ins:R:1	0.006359593994596342	0.9936404060054037	0.0	0.0	0.0	0.0	0.0	0.0
Stomach-AdenoCA::MSI-H.S.7	2:Ins:R:2	0.04504838383221234	0.9549516161677876	0.0	0.0	0.0	0.0	0.0	0.0
Stomach-AdenoCA::MSI-H.S.7	2:Ins:R:3	0.22933337168087628	0.7706666283191238	0.0	0.0	0.0	0.0	0.0	0.0
Stomach-AdenoCA::MSI-H.S.7	2:Ins:R:4	0.24531715056461703	0.7546828494353829	0.0	0.0	0.0	0.0	0.0	0.0
Stomach-AdenoCA::MSI-H.S.7	2:Ins:R:5	0.22677947151347333	0.7732205284865266	0.0	0.0	0.0	0.0	0.0	0.0
Stomach-AdenoCA::MSI-H.S.7	3:Ins:R:0	0.0011667939783119275	0.9988332060216881	0.0	0.0	0.0	0.0	0.0	0.0
Stomach-AdenoCA::MSI-H.S.7	3:Ins:R:1	0.043794253500481245	0.9562057464995187	0.0	0.0	0.0	0.0	0.0	0.0
Stomach-AdenoCA::MSI-H.S.7	3:Ins:R:2	0.044269759651677426	0.9557302403483227	0.0	0.0	0.0	0.0	0.0	0.0
Stomach-AdenoCA::MSI-H.S.7	3:Ins:R:3	0.9241265291525101	0.07587347084748983	0.0	0.0	0.0	0.0	0.0	0.0
Stomach-AdenoCA::MSI-H.S.7	3:Ins:R:4	0.12151897458015413	0.8784810254198459	0.0	0.0	0.0	0.0	0.0	0.0
Stomach-AdenoCA::MSI-H.S.7	3:Ins:R:5	0.12873690322145706	0.8712630967785429	0.0	0.0	0.0	0.0	0.0	0.0
Stomach-AdenoCA::MSI-H.S.7	4:Ins:R:0	4.34736726763784e-14	0.9999999999999566	0.0	0.0	0.0	0.0	0.0	0.0
Stomach-AdenoCA::MSI-H.S.7	4:Ins:R:1	0.12006711714466947	0.8799328828553304	0.0	0.0	0.0	0.0	0.0	0.0
Stomach-AdenoCA::MSI-H.S.7	4:Ins:R:2	0.5772580996938274	0.4227419003061726	0.0	0.0	0.0	0.0	0.0	0.0
Stomach-AdenoCA::MSI-H.S.7	4:Ins:R:3	0.2057781035231424	0.7942218964768575	0.0	0.0	0.0	0.0	0.0	0.0
Stomach-AdenoCA::MSI-H.S.7	4:Ins:R:4	0.22046976543801858	0.7795302345619816	0.0	0.0	0.0	0.0	0.0	0.0
Stomach-AdenoCA::MSI-H.S.7	4:Ins:R:5	0.09150723533315186	0.9084927646668481	0.0	0.0	0.0	0.0	0.0	0.0
Stomach-AdenoCA::MSI-H.S.7	5:Ins:R:0	0.15604741082351156	0.8439525891764885	0.0	0.0	0.0	0.0	0.0	0.0
Stomach-AdenoCA::MSI-H.S.7	5:Ins:R:1	0.7012507235793657	0.29874927642063426	0.0	0.0	0.0	0.0	0.0	0.0
Stomach-AdenoCA::MSI-H.S.7	5:Ins:R:2	0.9104586240987036	0.08954137590129632	0.0	0.0	0.0	0.0	0.0	0.0
Stomach-AdenoCA::MSI-H.S.7	5:Ins:R:3	0.3487261093439824	0.6512738906560176	0.0	0.0	0.0	0.0	0.0	0.0
Stomach-AdenoCA::MSI-H.S.7	5:Ins:R:4	0.9641254125823827	0.03587458741761725	0.0	0.0	0.0	0.0	0.0	0.0
Stomach-AdenoCA::MSI-H.S.7	5:Ins:R:5	0.18611589752304122	0.8138841024769586	0.0	0.0	0.0	0.0	0.0	0.0
Stomach-AdenoCA::MSI-H.S.7	2:Del:M:1	0.6008826798652416	0.3991173201347584	0.0	0.0	0.0	0.0	0.0	0.0
Stomach-AdenoCA::MSI-H.S.7	3:Del:M:1	0.970672578379968	0.02932742162003193	0.0	0.0	0.0	0.0	0.0	0.0
Stomach-AdenoCA::MSI-H.S.7	3:Del:M:2	0.09982301706492325	0.9001769829350768	0.0	0.0	0.0	0.0	0.0	0.0
Stomach-AdenoCA::MSI-H.S.7	4:Del:M:1	0.1117287950584005	0.8882712049415995	0.0	0.0	0.0	0.0	0.0	0.0
Stomach-AdenoCA::MSI-H.S.7	4:Del:M:2	0.05508740498438914	0.9449125950156108	0.0	0.0	0.0	0.0	0.0	0.0
Stomach-AdenoCA::MSI-H.S.7	4:Del:M:3	0.048634010066604096	0.9513659899333959	0.0	0.0	0.0	0.0	0.0	0.0
Stomach-AdenoCA::MSI-H.S.7	5:Del:M:1	0.00028801716365748595	0.9997119828363424	0.0	0.0	0.0	0.0	0.0	0.0
Stomach-AdenoCA::MSI-H.S.7	5:Del:M:2	4.461474363712261e-07	0.9999995538525636	0.0	0.0	0.0	0.0	0.0	0.0
Stomach-AdenoCA::MSI-H.S.7	5:Del:M:3	9.067352034687317e-09	0.999999990932648	0.0	0.0	0.0	0.0	0.0	0.0
Stomach-AdenoCA::MSI-H.S.7	5:Del:M:4	0.018161291660078564	0.9818387083399215	0.0	0.0	0.0	0.0	0.0	0.0
Stomach-AdenoCA::MSI-H.S.7	5:Del:M:5	0.05837491362357373	0.9416250863764263	0.0	0.0	0.0	0.0	0.0	0.0
Stomach-AdenoCA::MSI-H.S.8	1:Del:C:0	0.005993834182600768	0.9940061658173991	0.0	0.0	0.0	0.0	0.0	0.0
Stomach-AdenoCA::MSI-H.S.8	1:Del:C:1	0.8642759883544616	0.1357240116455383	0.0	0.0	0.0	0.0	0.0	0.0
Stomach-AdenoCA::MSI-H.S.8	1:Del:C:2	1.9363435201498387e-13	0.9999999999998064	0.0	0.0	0.0	0.0	0.0	0.0
Stomach-AdenoCA::MSI-H.S.8	1:Del:C:3	0.12310876782709511	0.8768912321729049	0.0	0.0	0.0	0.0	0.0	0.0
Stomach-AdenoCA::MSI-H.S.8	1:Del:C:4	0.03222843898669328	0.9677715610133067	0.0	0.0	0.0	0.0	0.0	0.0
Stomach-AdenoCA::MSI-H.S.8	1:Del:C:5	0.04026248488768749	0.9597375151123125	0.0	0.0	0.0	0.0	0.0	0.0
Stomach-AdenoCA::MSI-H.S.8	1:Del:T:0	0.029298712010911526	0.9707012879890885	0.0	0.0	0.0	0.0	0.0	0.0
Stomach-AdenoCA::MSI-H.S.8	1:Del:T:1	0.13228822542077637	0.8677117745792238	0.0	0.0	0.0	0.0	0.0	0.0
Stomach-AdenoCA::MSI-H.S.8	1:Del:T:2	0.023640619834962257	0.9763593801650378	0.0	0.0	0.0	0.0	0.0	0.0
Stomach-AdenoCA::MSI-H.S.8	1:Del:T:3	0.020224972083531703	0.9797750279164683	0.0	0.0	0.0	0.0	0.0	0.0
Stomach-AdenoCA::MSI-H.S.8	1:Del:T:4	0.016299501638832693	0.9837004983611674	0.0	0.0	0.0	0.0	0.0	0.0
Stomach-AdenoCA::MSI-H.S.8	1:Del:T:5	7.391737918147912e-19	1.0	0.0	0.0	0.0	0.0	0.0	0.0
Stomach-AdenoCA::MSI-H.S.8	1:Ins:C:0	0.13228822542077637	0.8677117745792238	0.0	0.0	0.0	0.0	0.0	0.0
Stomach-AdenoCA::MSI-H.S.8	1:Ins:C:1	2.65257210525166e-15	0.9999999999999972	0.0	0.0	0.0	0.0	0.0	0.0
Stomach-AdenoCA::MSI-H.S.8	1:Ins:C:2	2.298484102162987e-14	0.999999999999977	0.0	0.0	0.0	0.0	0.0	0.0
Stomach-AdenoCA::MSI-H.S.8	1:Ins:C:3	0.26356755141190175	0.7364324485880982	0.0	0.0	0.0	0.0	0.0	0.0
Stomach-AdenoCA::MSI-H.S.8	1:Ins:C:4	0.10036424921986858	0.8996357507801315	0.0	0.0	0.0	0.0	0.0	0.0
Stomach-AdenoCA::MSI-H.S.8	1:Ins:C:5	0.3289481025160366	0.6710518974839633	0.0	0.0	0.0	0.0	0.0	0.0
Stomach-AdenoCA::MSI-H.S.8	1:Ins:T:0	0.23824043998904493	0.7617595600109551	0.0	0.0	0.0	0.0	0.0	0.0
Stomach-AdenoCA::MSI-H.S.8	1:Ins:T:1	0.9999999999994613	5.387375509823469e-13	0.0	0.0	0.0	0.0	0.0	0.0
Stomach-AdenoCA::MSI-H.S.8	1:Ins:T:2	0.05144063357758129	0.9485593664224187	0.0	0.0	0.0	0.0	0.0	0.0
Stomach-AdenoCA::MSI-H.S.8	1:Ins:T:3	0.4161984585024827	0.5838015414975174	0.0	0.0	0.0	0.0	0.0	0.0
Stomach-AdenoCA::MSI-H.S.8	1:Ins:T:4	0.46482686047041644	0.5351731395295836	0.0	0.0	0.0	0.0	0.0	0.0
Stomach-AdenoCA::MSI-H.S.8	1:Ins:T:5	0.9810398143543606	0.018960185645639314	0.0	0.0	0.0	0.0	0.0	0.0
Stomach-AdenoCA::MSI-H.S.8	2:Del:R:0	0.43244915554286445	0.5675508444571356	0.0	0.0	0.0	0.0	0.0	0.0
Stomach-AdenoCA::MSI-H.S.8	2:Del:R:1	0.05855017812243815	0.9414498218775618	0.0	0.0	0.0	0.0	0.0	0.0
Stomach-AdenoCA::MSI-H.S.8	2:Del:R:2	0.044435856325141174	0.9555641436748589	0.0	0.0	0.0	0.0	0.0	0.0
Stomach-AdenoCA::MSI-H.S.8	2:Del:R:3	0.09506187776797409	0.9049381222320259	0.0	0.0	0.0	0.0	0.0	0.0
Stomach-AdenoCA::MSI-H.S.8	2:Del:R:4	0.011138020751106177	0.9888619792488937	0.0	0.0	0.0	0.0	0.0	0.0
Stomach-AdenoCA::MSI-H.S.8	2:Del:R:5	0.11422224327098801	0.8857777567290119	0.0	0.0	0.0	0.0	0.0	0.0
Stomach-AdenoCA::MSI-H.S.8	3:Del:R:0	0.6507969147124895	0.34920308528751065	0.0	0.0	0.0	0.0	0.0	0.0
Stomach-AdenoCA::MSI-H.S.8	3:Del:R:1	0.1541330370378366	0.8458669629621633	0.0	0.0	0.0	0.0	0.0	0.0
Stomach-AdenoCA::MSI-H.S.8	3:Del:R:2	0.05760692126658952	0.9423930787334104	0.0	0.0	0.0	0.0	0.0	0.0
Stomach-AdenoCA::MSI-H.S.8	3:Del:R:3	0.14367102076114135	0.8563289792388586	0.0	0.0	0.0	0.0	0.0	0.0
Stomach-AdenoCA::MSI-H.S.8	3:Del:R:4	0.1317095624427699	0.86829043755723	0.0	0.0	0.0	0.0	0.0	0.0
Stomach-AdenoCA::MSI-H.S.8	3:Del:R:5	0.13228822542077637	0.8677117745792238	0.0	0.0	0.0	0.0	0.0	0.0
Stomach-AdenoCA::MSI-H.S.8	4:Del:R:0	0.5998526240609129	0.4001473759390871	0.0	0.0	0.0	0.0	0.0	0.0
Stomach-AdenoCA::MSI-H.S.8	4:Del:R:1	0.07186833923902862	0.9281316607609713	0.0	0.0	0.0	0.0	0.0	0.0
Stomach-AdenoCA::MSI-H.S.8	4:Del:R:2	0.0010804744864862555	0.9989195255135136	0.0	0.0	0.0	0.0	0.0	0.0
Stomach-AdenoCA::MSI-H.S.8	4:Del:R:3	8.283395251260889e-14	0.9999999999999172	0.0	0.0	0.0	0.0	0.0	0.0
Stomach-AdenoCA::MSI-H.S.8	4:Del:R:4	0.13228822542077637	0.8677117745792238	0.0	0.0	0.0	0.0	0.0	0.0
Stomach-AdenoCA::MSI-H.S.8	4:Del:R:5	0.024379291826423313	0.9756207081735766	0.0	0.0	0.0	0.0	0.0	0.0
Stomach-AdenoCA::MSI-H.S.8	5:Del:R:0	0.037960628449680345	0.9620393715503198	0.0	0.0	0.0	0.0	0.0	0.0
Stomach-AdenoCA::MSI-H.S.8	5:Del:R:1	0.011516663211504418	0.9884833367884956	0.0	0.0	0.0	0.0	0.0	0.0
Stomach-AdenoCA::MSI-H.S.8	5:Del:R:2	0.05466728139853886	0.9453327186014612	0.0	0.0	0.0	0.0	0.0	0.0
Stomach-AdenoCA::MSI-H.S.8	5:Del:R:3	0.021279592525818167	0.9787204074741818	0.0	0.0	0.0	0.0	0.0	0.0
Stomach-AdenoCA::MSI-H.S.8	5:Del:R:4	0.006635906197408813	0.9933640938025912	0.0	0.0	0.0	0.0	0.0	0.0
Stomach-AdenoCA::MSI-H.S.8	5:Del:R:5	0.2117361025408579	0.788263897459142	0.0	0.0	0.0	0.0	0.0	0.0
Stomach-AdenoCA::MSI-H.S.8	2:Ins:R:0	0.18060416077710298	0.819395839222897	0.0	0.0	0.0	0.0	0.0	0.0
Stomach-AdenoCA::MSI-H.S.8	2:Ins:R:1	0.0052495427536533	0.9947504572463467	0.0	0.0	0.0	0.0	0.0	0.0
Stomach-AdenoCA::MSI-H.S.8	2:Ins:R:2	0.03743975101768902	0.9625602489823111	0.0	0.0	0.0	0.0	0.0	0.0
Stomach-AdenoCA::MSI-H.S.8	2:Ins:R:3	0.19702083747470253	0.8029791625252976	0.0	0.0	0.0	0.0	0.0	0.0
Stomach-AdenoCA::MSI-H.S.8	2:Ins:R:4	0.21137021502529962	0.7886297849747003	0.0	0.0	0.0	0.0	0.0	0.0
Stomach-AdenoCA::MSI-H.S.8	2:Ins:R:5	0.19473585007058686	0.8052641499294131	0.0	0.0	0.0	0.0	0.0	0.0
Stomach-AdenoCA::MSI-H.S.8	3:Ins:R:0	0.000962255243891892	0.9990377447561081	0.0	0.0	0.0	0.0	0.0	0.0
Stomach-AdenoCA::MSI-H.S.8	3:Ins:R:1	0.0363893705398653	0.9636106294601346	0.0	0.0	0.0	0.0	0.0	0.0
Stomach-AdenoCA::MSI-H.S.8	3:Ins:R:2	0.036787569668643626	0.9632124303313563	0.0	0.0	0.0	0.0	0.0	0.0
Stomach-AdenoCA::MSI-H.S.8	3:Ins:R:3	0.9094420918857847	0.09055790811421521	0.0	0.0	0.0	0.0	0.0	0.0
Stomach-AdenoCA::MSI-H.S.8	3:Ins:R:4	0.10237921468400375	0.8976207853159963	0.0	0.0	0.0	0.0	0.0	0.0
Stomach-AdenoCA::MSI-H.S.8	3:Ins:R:5	0.10860083046650748	0.8913991695334925	0.0	0.0	0.0	0.0	0.0	0.0
Stomach-AdenoCA::MSI-H.S.8	4:Ins:R:0	3.584540683135089e-14	0.9999999999999643	0.0	0.0	0.0	0.0	0.0	0.0
Stomach-AdenoCA::MSI-H.S.8	4:Ins:R:1	0.10112970636695821	0.8988702936330419	0.0	0.0	0.0	0.0	0.0	0.0
Stomach-AdenoCA::MSI-H.S.8	4:Ins:R:2	0.5296121949664215	0.4703878050335784	0.0	0.0	0.0	0.0	0.0	0.0
Stomach-AdenoCA::MSI-H.S.8	4:Ins:R:3	0.17602639228009254	0.8239736077199076	0.0	0.0	0.0	0.0	0.0	0.0
Stomach-AdenoCA::MSI-H.S.8	4:Ins:R:4	0.18909965753498964	0.8109003424650104	0.0	0.0	0.0	0.0	0.0	0.0
Stomach-AdenoCA::MSI-H.S.8	4:Ins:R:5	0.07668183939528224	0.9233181606047178	0.0	0.0	0.0	0.0	0.0	0.0
Stomach-AdenoCA::MSI-H.S.8	5:Ins:R:0	0.13228822542077637	0.8677117745792238	0.0	0.0	0.0	0.0	0.0	0.0
Stomach-AdenoCA::MSI-H.S.8	5:Ins:R:1	0.6593324290360573	0.34066757096394273	0.0	0.0	0.0	0.0	0.0	0.0
Stomach-AdenoCA::MSI-H.S.8	5:Ins:R:2	0.8934339610068103	0.1065660389931898	0.0	0.0	0.0	0.0	0.0	0.0
Stomach-AdenoCA::MSI-H.S.8	5:Ins:R:3	0.3062768475509085	0.6937231524490916	0.0	0.0	0.0	0.0	0.0	0.0
Stomach-AdenoCA::MSI-H.S.8	5:Ins:R:4	0.9568205889800437	0.043179411019956315	0.0	0.0	0.0	0.0	0.0	0.0
Stomach-AdenoCA::MSI-H.S.8	5:Ins:R:5	0.15863915417422578	0.8413608458257742	0.0	0.0	0.0	0.0	0.0	0.0
Stomach-AdenoCA::MSI-H.S.8	2:Del:M:1	0.5538414830572344	0.4461585169427656	0.0	0.0	0.0	0.0	0.0	0.0
Stomach-AdenoCA::MSI-H.S.8	3:Del:M:1	0.9646520186938502	0.03534798130614978	0.0	0.0	0.0	0.0	0.0	0.0
Stomach-AdenoCA::MSI-H.S.8	3:Del:M:2	0.08377458850448231	0.9162254114955177	0.0	0.0	0.0	0.0	0.0	0.0
Stomach-AdenoCA::MSI-H.S.8	4:Del:M:1	0.09396609202559725	0.9060339079744026	0.0	0.0	0.0	0.0	0.0	0.0
Stomach-AdenoCA::MSI-H.S.8	4:Del:M:2	0.04586462601787313	0.9541353739821269	0.0	0.0	0.0	0.0	0.0	0.0
Stomach-AdenoCA::MSI-H.S.8	4:Del:M:3	0.040445417689867064	0.959554582310133	0.0	0.0	0.0	0.0	0.0	0.0
Stomach-AdenoCA::MSI-H.S.8	5:Del:M:1	0.00023749118846460028	0.9997625088115355	0.0	0.0	0.0	0.0	0.0	0.0
Stomach-AdenoCA::MSI-H.S.8	5:Del:M:2	3.6786258512128074e-07	0.9999996321374148	0.0	0.0	0.0	0.0	0.0	0.0
Stomach-AdenoCA::MSI-H.S.8	5:Del:M:3	7.476316194931636e-09	0.9999999925236838	0.0	0.0	0.0	0.0	0.0	0.0
Stomach-AdenoCA::MSI-H.S.8	5:Del:M:4	0.01502242719306241	0.9849775728069377	0.0	0.0	0.0	0.0	0.0	0.0
Stomach-AdenoCA::MSI-H.S.8	5:Del:M:5	0.048630063520802444	0.9513699364791975	0.0	0.0	0.0	0.0	0.0	0.0
Stomach-AdenoCA::MSI-H.S.9	1:Del:C:0	0.01084592221797767	0.9891540777820224	0.0	0.0	0.0	0.0	0.0	0.0
Stomach-AdenoCA::MSI-H.S.9	1:Del:C:1	0.9205043791857556	0.07949562081424445	0.0	0.0	0.0	0.0	0.0	0.0
Stomach-AdenoCA::MSI-H.S.9	1:Del:C:2	3.521026555537135e-13	0.9999999999996478	0.0	0.0	0.0	0.0	0.0	0.0
Stomach-AdenoCA::MSI-H.S.9	1:Del:C:3	0.2033699699931804	0.7966300300068196	0.0	0.0	0.0	0.0	0.0	0.0
Stomach-AdenoCA::MSI-H.S.9	1:Del:C:4	0.05709787225128049	0.9429021277487195	0.0	0.0	0.0	0.0	0.0	0.0
Stomach-AdenoCA::MSI-H.S.9	1:Del:C:5	0.07087743694623631	0.9291225630537637	0.0	0.0	0.0	0.0	0.0	0.0
Stomach-AdenoCA::MSI-H.S.9	1:Del:T:0	0.05202893072313556	0.9479710692768645	0.0	0.0	0.0	0.0	0.0	0.0
Stomach-AdenoCA::MSI-H.S.9	1:Del:T:1	0.217052673449142	0.782947326550858	0.0	0.0	0.0	0.0	0.0	0.0
Stomach-AdenoCA::MSI-H.S.9	1:Del:T:2	0.0421719424124042	0.9578280575875958	0.0	0.0	0.0	0.0	0.0	0.0
Stomach-AdenoCA::MSI-H.S.9	1:Del:T:3	0.03617805936992459	0.9638219406300752	0.0	0.0	0.0	0.0	0.0	0.0
Stomach-AdenoCA::MSI-H.S.9	1:Del:T:4	0.029248683089559694	0.9707513169104403	0.0	0.0	0.0	0.0	0.0	0.0
Stomach-AdenoCA::MSI-H.S.9	1:Del:T:5	1.3441057968557e-18	1.0	0.0	0.0	0.0	0.0	0.0	0.0
Stomach-AdenoCA::MSI-H.S.9	1:Ins:C:0	0.217052673449142	0.782947326550858	0.0	0.0	0.0	0.0	0.0	0.0
Stomach-AdenoCA::MSI-H.S.9	1:Ins:C:1	4.823409031444413e-15	0.9999999999999951	0.0	0.0	0.0	0.0	0.0	0.0
Stomach-AdenoCA::MSI-H.S.9	1:Ins:C:2	4.179539155619805e-14	0.9999999999999584	0.0	0.0	0.0	0.0	0.0	0.0
Stomach-AdenoCA::MSI-H.S.9	1:Ins:C:3	0.3942322058565138	0.6057677941434862	0.0	0.0	0.0	0.0	0.0	0.0
Stomach-AdenoCA::MSI-H.S.9	1:Ins:C:4	0.16864896180901476	0.8313510381909852	0.0	0.0	0.0	0.0	0.0	0.0
Stomach-AdenoCA::MSI-H.S.9	1:Ins:C:5	0.4712828113609415	0.5287171886390585	0.0	0.0	0.0	0.0	0.0	0.0
Stomach-AdenoCA::MSI-H.S.9	1:Ins:T:0	0.3625301401646979	0.6374698598353021	0.0	0.0	0.0	0.0	0.0	0.0
Stomach-AdenoCA::MSI-H.S.9	1:Ins:T:1	0.9999999999997037	2.9627182568834973e-13	0.0	0.0	0.0	0.0	0.0	0.0
Stomach-AdenoCA::MSI-H.S.9	1:Ins:T:2	0.08976033087178491	0.9102396691282151	0.0	0.0	0.0	0.0	0.0	0.0
Stomach-AdenoCA::MSI-H.S.9	1:Ins:T:3	0.5645262296971504	0.4354737703028496	0.0	0.0	0.0	0.0	0.0	0.0
Stomach-AdenoCA::MSI-H.S.9	1:Ins:T:4	0.612308387033323	0.3876916129666771	0.0	0.0	0.0	0.0	0.0	0.0
Stomach-AdenoCA::MSI-H.S.9	1:Ins:T:5	0.9894833469228909	0.01051665307710913	0.0	0.0	0.0	0.0	0.0	0.0
Stomach-AdenoCA::MSI-H.S.9	2:Del:R:0	0.5808066373556052	0.4191933626443948	0.0	0.0	0.0	0.0	0.0	0.0
Stomach-AdenoCA::MSI-H.S.9	2:Del:R:1	0.10159873314779999	0.8984012668522	0.0	0.0	0.0	0.0	0.0	0.0
Stomach-AdenoCA::MSI-H.S.9	2:Del:R:2	0.07796637826997212	0.9220336217300278	0.0	0.0	0.0	0.0	0.0	0.0
Stomach-AdenoCA::MSI-H.S.9	2:Del:R:3	0.16038215945713657	0.8396178405428635	0.0	0.0	0.0	0.0	0.0	0.0
Stomach-AdenoCA::MSI-H.S.9	2:Del:R:4	0.020070313319552772	0.9799296866804471	0.0	0.0	0.0	0.0	0.0	0.0
Stomach-AdenoCA::MSI-H.S.9	2:Del:R:5	0.18994480516436316	0.8100551948356369	0.0	0.0	0.0	0.0	0.0	0.0
Stomach-AdenoCA::MSI-H.S.9	3:Del:R:0	0.7721506742440885	0.2278493257559115	0.0	0.0	0.0	0.0	0.0	0.0
Stomach-AdenoCA::MSI-H.S.9	3:Del:R:1	0.248879954693296	0.751120045306704	0.0	0.0	0.0	0.0	0.0	0.0
Stomach-AdenoCA::MSI-H.S.9	3:Del:R:2	0.10003564574538372	0.8999643542546162	0.0	0.0	0.0	0.0	0.0	0.0
Stomach-AdenoCA::MSI-H.S.9	3:Del:R:3	0.23376414542447094	0.766235854575529	0.0	0.0	0.0	0.0	0.0	0.0
Stomach-AdenoCA::MSI-H.S.9	3:Del:R:4	0.21619561129281922	0.7838043887071808	0.0	0.0	0.0	0.0	0.0	0.0
Stomach-AdenoCA::MSI-H.S.9	3:Del:R:5	0.217052673449142	0.782947326550858	0.0	0.0	0.0	0.0	0.0	0.0
Stomach-AdenoCA::MSI-H.S.9	4:Del:R:0	0.7316091776267897	0.26839082237321027	0.0	0.0	0.0	0.0	0.0	0.0
Stomach-AdenoCA::MSI-H.S.9	4:Del:R:1	0.12342521421434989	0.8765747857856501	0.0	0.0	0.0	0.0	0.0	0.0
Stomach-AdenoCA::MSI-H.S.9	4:Del:R:2	0.0019629875968592	0.9980370124031407	0.0	0.0	0.0	0.0	0.0	0.0
Stomach-AdenoCA::MSI-H.S.9	4:Del:R:3	1.5062438222452127e-13	0.9999999999998495	0.0	0.0	0.0	0.0	0.0	0.0
Stomach-AdenoCA::MSI-H.S.9	4:Del:R:4	0.217052673449142	0.782947326550858	0.0	0.0	0.0	0.0	0.0	0.0
Stomach-AdenoCA::MSI-H.S.9	4:Del:R:5	0.0434638657644938	0.9565361342355063	0.0	0.0	0.0	0.0	0.0	0.0
Stomach-AdenoCA::MSI-H.S.9	5:Del:R:0	0.06694737899101294	0.9330526210089872	0.0	0.0	0.0	0.0	0.0	0.0
Stomach-AdenoCA::MSI-H.S.9	5:Del:R:1	0.020746242719990107	0.9792537572800099	0.0	0.0	0.0	0.0	0.0	0.0
Stomach-AdenoCA::MSI-H.S.9	5:Del:R:2	0.09514950036864768	0.9048504996313523	0.0	0.0	0.0	0.0	0.0	0.0
Stomach-AdenoCA::MSI-H.S.9	5:Del:R:3	0.03803225429543477	0.9619677457045652	0.0	0.0	0.0	0.0	0.0	0.0
Stomach-AdenoCA::MSI-H.S.9	5:Del:R:4	0.012001484443990513	0.9879985155560095	0.0	0.0	0.0	0.0	0.0	0.0
Stomach-AdenoCA::MSI-H.S.9	5:Del:R:5	0.3281551197773458	0.6718448802226542	0.0	0.0	0.0	0.0	0.0	0.0
Stomach-AdenoCA::MSI-H.S.9	2:Ins:R:0	0.2861190074860554	0.7138809925139447	0.0	0.0	0.0	0.0	0.0	0.0
Stomach-AdenoCA::MSI-H.S.9	2:Ins:R:1	0.009504878387081786	0.9904951216129182	0.0	0.0	0.0	0.0	0.0	0.0
Stomach-AdenoCA::MSI-H.S.9	2:Ins:R:2	0.06605606934215227	0.9339439306578478	0.0	0.0	0.0	0.0	0.0	0.0
Stomach-AdenoCA::MSI-H.S.9	2:Ins:R:3	0.3085156183254334	0.6914843816745666	0.0	0.0	0.0	0.0	0.0	0.0
Stomach-AdenoCA::MSI-H.S.9	2:Ins:R:4	0.3276716825517701	0.67232831744823	0.0	0.0	0.0	0.0	0.0	0.0
Stomach-AdenoCA::MSI-H.S.9	2:Ins:R:5	0.3054293986429749	0.6945706013570251	0.0	0.0	0.0	0.0	0.0	0.0
Stomach-AdenoCA::MSI-H.S.9	3:Ins:R:0	0.0017483779006554846	0.9982516220993445	0.0	0.0	0.0	0.0	0.0	0.0
Stomach-AdenoCA::MSI-H.S.9	3:Ins:R:1	0.06425644574456656	0.9357435542554334	0.0	0.0	0.0	0.0	0.0	0.0
Stomach-AdenoCA::MSI-H.S.9	3:Ins:R:2	0.06493903635493346	0.9350609636450664	0.0	0.0	0.0	0.0	0.0	0.0
Stomach-AdenoCA::MSI-H.S.9	3:Ins:R:3	0.9480828631762475	0.05191713682375251	0.0	0.0	0.0	0.0	0.0	0.0
Stomach-AdenoCA::MSI-H.S.9	3:Ins:R:4	0.17177308877805192	0.8282269112219481	0.0	0.0	0.0	0.0	0.0	0.0
Stomach-AdenoCA::MSI-H.S.9	3:Ins:R:5	0.18135975015467967	0.8186402498453204	0.0	0.0	0.0	0.0	0.0	0.0
Stomach-AdenoCA::MSI-H.S.9	4:Ins:R:0	6.518090826025972e-14	0.9999999999999349	0.0	0.0	0.0	0.0	0.0	0.0
Stomach-AdenoCA::MSI-H.S.9	4:Ins:R:1	0.16983689472079797	0.8301631052792021	0.0	0.0	0.0	0.0	0.0	0.0
Stomach-AdenoCA::MSI-H.S.9	4:Ins:R:2	0.6718443670531546	0.32815563294684535	0.0	0.0	0.0	0.0	0.0	0.0
Stomach-AdenoCA::MSI-H.S.9	4:Ins:R:3	0.27977994999252176	0.7202200500074782	0.0	0.0	0.0	0.0	0.0	0.0
Stomach-AdenoCA::MSI-H.S.9	4:Ins:R:4	0.2977741362015809	0.7022258637984191	0.0	0.0	0.0	0.0	0.0	0.0
Stomach-AdenoCA::MSI-H.S.9	4:Ins:R:5	0.13120367857934145	0.8687963214206584	0.0	0.0	0.0	0.0	0.0	0.0
Stomach-AdenoCA::MSI-H.S.9	5:Ins:R:0	0.217052673449142	0.782947326550858	0.0	0.0	0.0	0.0	0.0	0.0
Stomach-AdenoCA::MSI-H.S.9	5:Ins:R:1	0.7787284792039818	0.22127152079601822	0.0	0.0	0.0	0.0	0.0	0.0
Stomach-AdenoCA::MSI-H.S.9	5:Ins:R:2	0.9384430098693577	0.06155699013064222	0.0	0.0	0.0	0.0	0.0	0.0
Stomach-AdenoCA::MSI-H.S.9	5:Ins:R:3	0.4453115708839317	0.5546884291160683	0.0	0.0	0.0	0.0	0.0	0.0
Stomach-AdenoCA::MSI-H.S.9	5:Ins:R:4	0.9757834236422428	0.024216576357757216	0.0	0.0	0.0	0.0	0.0	0.0
Stomach-AdenoCA::MSI-H.S.9	5:Ins:R:5	0.25531992840476614	0.7446800715952339	0.0	0.0	0.0	0.0	0.0	0.0
Stomach-AdenoCA::MSI-H.S.9	2:Del:M:1	0.6929942823911054	0.3070057176088947	0.0	0.0	0.0	0.0	0.0	0.0
Stomach-AdenoCA::MSI-H.S.9	3:Del:M:1	0.9802465762966991	0.019753423703300937	0.0	0.0	0.0	0.0	0.0	0.0
Stomach-AdenoCA::MSI-H.S.9	3:Del:M:2	0.14256082117351349	0.8574391788264865	0.0	0.0	0.0	0.0	0.0	0.0
Stomach-AdenoCA::MSI-H.S.9	4:Del:M:1	0.15866543896326263	0.8413345610367374	0.0	0.0	0.0	0.0	0.0	0.0
Stomach-AdenoCA::MSI-H.S.9	4:Del:M:2	0.08038258020611631	0.9196174197938836	0.0	0.0	0.0	0.0	0.0	0.0
Stomach-AdenoCA::MSI-H.S.9	4:Del:M:3	0.07118915116446453	0.9288108488355354	0.0	0.0	0.0	0.0	0.0	0.0
Stomach-AdenoCA::MSI-H.S.9	5:Del:M:1	0.00043176754415069917	0.9995682324558494	0.0	0.0	0.0	0.0	0.0	0.0
Stomach-AdenoCA::MSI-H.S.9	5:Del:M:2	6.689172285701615e-07	0.9999993310827714	0.0	0.0	0.0	0.0	0.0	0.0
Stomach-AdenoCA::MSI-H.S.9	5:Del:M:3	1.3594854128387042e-08	0.9999999864051459	0.0	0.0	0.0	0.0	0.0	0.0
Stomach-AdenoCA::MSI-H.S.9	5:Del:M:4	0.026984865347919294	0.9730151346520808	0.0	0.0	0.0	0.0	0.0	0.0
Stomach-AdenoCA::MSI-H.S.9	5:Del:M:5	0.08504379180915086	0.9149562081908492	0.0	0.0	0.0	0.0	0.0	0.0
Stomach-AdenoCA::MSI-H.S.10	1:Del:C:0	0.03260936942288065	0.9673906305771193	0.0	0.0	0.0	0.0	0.0	0.0
Stomach-AdenoCA::MSI-H.S.10	1:Del:C:1	0.9726757989276205	0.027324201072379446	0.0	0.0	0.0	0.0	0.0	0.0
Stomach-AdenoCA::MSI-H.S.10	1:Del:C:2	1.0824486039938535e-12	0.9999999999989174	0.0	0.0	0.0	0.0	0.0	0.0
Stomach-AdenoCA::MSI-H.S.10	1:Del:C:3	0.4397183184141738	0.5602816815858261	0.0	0.0	0.0	0.0	0.0	0.0
Stomach-AdenoCA::MSI-H.S.10	1:Del:C:4	0.1569449137957288	0.8430550862042712	0.0	0.0	0.0	0.0	0.0	0.0
Stomach-AdenoCA::MSI-H.S.10	1:Del:C:5	0.18996612462274381	0.8100338753772562	0.0	0.0	0.0	0.0	0.0	0.0
Stomach-AdenoCA::MSI-H.S.10	1:Del:T:0	0.14436910349444362	0.8556308965055563	0.0	0.0	0.0	0.0	0.0	0.0
Stomach-AdenoCA::MSI-H.S.10	1:Del:T:1	0.4601181159803719	0.539881884019628	0.0	0.0	0.0	0.0	0.0	0.0
Stomach-AdenoCA::MSI-H.S.10	1:Del:T:2	0.11921815307459359	0.8807818469254064	0.0	0.0	0.0	0.0	0.0	0.0
Stomach-AdenoCA::MSI-H.S.10	1:Del:T:3	0.10345650581073171	0.8965434941892683	0.0	0.0	0.0	0.0	0.0	0.0
Stomach-AdenoCA::MSI-H.S.10	1:Del:T:4	0.08477435486736498	0.915225645132635	0.0	0.0	0.0	0.0	0.0	0.0
Stomach-AdenoCA::MSI-H.S.10	1:Del:T:5	4.132105851742464e-18	1.0	0.0	0.0	0.0	0.0	0.0	0.0
Stomach-AdenoCA::MSI-H.S.10	1:Ins:C:0	0.4601181159803719	0.539881884019628	0.0	0.0	0.0	0.0	0.0	0.0
Stomach-AdenoCA::MSI-H.S.10	1:Ins:C:1	1.482832432595962e-14	0.999999999999985	0.0	0.0	0.0	0.0	0.0	0.0
Stomach-AdenoCA::MSI-H.S.10	1:Ins:C:2	1.284891281841258e-13	0.9999999999998715	0.0	0.0	0.0	0.0	0.0	0.0
Stomach-AdenoCA::MSI-H.S.10	1:Ins:C:3	0.6667454146878683	0.33325458531213153	0.0	0.0	0.0	0.0	0.0	0.0
Stomach-AdenoCA::MSI-H.S.10	1:Ins:C:4	0.38410169387835763	0.6158983061216424	0.0	0.0	0.0	0.0	0.0	0.0
Stomach-AdenoCA::MSI-H.S.10	1:Ins:C:5	0.7326408846338262	0.26735911536617385	0.0	0.0	0.0	0.0	0.0	0.0
Stomach-AdenoCA::MSI-H.S.10	1:Ins:T:0	0.6361421627788985	0.3638578372211015	0.0	0.0	0.0	0.0	0.0	0.0
Stomach-AdenoCA::MSI-H.S.10	1:Ins:T:1	0.9999999999999035	9.637233232659964e-14	0.0	0.0	0.0	0.0	0.0	0.0
Stomach-AdenoCA::MSI-H.S.10	1:Ins:T:2	0.23263237021624397	0.767367629783756	0.0	0.0	0.0	0.0	0.0	0.0
Stomach-AdenoCA::MSI-H.S.10	1:Ins:T:3	0.799409929790656	0.20059007020934394	0.0	0.0	0.0	0.0	0.0	0.0
Stomach-AdenoCA::MSI-H.S.10	1:Ins:T:4	0.8292164220149792	0.1707835779850208	0.0	0.0	0.0	0.0	0.0	0.0
Stomach-AdenoCA::MSI-H.S.10	1:Ins:T:5	0.9965546591134563	0.0034453408865436695	0.0	0.0	0.0	0.0	0.0	0.0
Stomach-AdenoCA::MSI-H.S.10	2:Del:R:0	0.8098666295347883	0.19013337046521167	0.0	0.0	0.0	0.0	0.0	0.0
Stomach-AdenoCA::MSI-H.S.10	2:Del:R:1	0.25797360613205006	0.74202639386795	0.0	0.0	0.0	0.0	0.0	0.0
Stomach-AdenoCA::MSI-H.S.10	2:Del:R:2	0.20632101597155633	0.7936789840284436	0.0	0.0	0.0	0.0	0.0	0.0
Stomach-AdenoCA::MSI-H.S.10	2:Del:R:3	0.3699738122192975	0.6300261877807025	0.0	0.0	0.0	0.0	0.0	0.0
Stomach-AdenoCA::MSI-H.S.10	2:Del:R:4	0.059234997518386616	0.9407650024816134	0.0	0.0	0.0	0.0	0.0	0.0
Stomach-AdenoCA::MSI-H.S.10	2:Del:R:5	0.4188951282457744	0.5811048717542255	0.0	0.0	0.0	0.0	0.0	0.0
Stomach-AdenoCA::MSI-H.S.10	3:Del:R:0	0.9124204482048245	0.08757955179517553	0.0	0.0	0.0	0.0	0.0	0.0
Stomach-AdenoCA::MSI-H.S.10	3:Del:R:1	0.5046157178425332	0.49538428215746666	0.0	0.0	0.0	0.0	0.0	0.0
Stomach-AdenoCA::MSI-H.S.10	3:Del:R:2	0.25468672655970154	0.7453132734402984	0.0	0.0	0.0	0.0	0.0	0.0
Stomach-AdenoCA::MSI-H.S.10	3:Del:R:3	0.4839757062847073	0.5160242937152928	0.0	0.0	0.0	0.0	0.0	0.0
Stomach-AdenoCA::MSI-H.S.10	3:Del:R:4	0.4588637755265005	0.5411362244734996	0.0	0.0	0.0	0.0	0.0	0.0
Stomach-AdenoCA::MSI-H.S.10	3:Del:R:5	0.4601181159803719	0.539881884019628	0.0	0.0	0.0	0.0	0.0	0.0
Stomach-AdenoCA::MSI-H.S.10	4:Del:R:0	0.8933913869632613	0.10660861303673884	0.0	0.0	0.0	0.0	0.0	0.0
Stomach-AdenoCA::MSI-H.S.10	4:Del:R:1	0.30209775355546387	0.6979022464445361	0.0	0.0	0.0	0.0	0.0	0.0
Stomach-AdenoCA::MSI-H.S.10	4:Del:R:2	0.006010226079098756	0.9939897739209014	0.0	0.0	0.0	0.0	0.0	0.0
Stomach-AdenoCA::MSI-H.S.10	4:Del:R:3	4.630557301819766e-13	0.999999999999537	0.0	0.0	0.0	0.0	0.0	0.0
Stomach-AdenoCA::MSI-H.S.10	4:Del:R:4	0.4601181159803719	0.539881884019628	0.0	0.0	0.0	0.0	0.0	0.0
Stomach-AdenoCA::MSI-H.S.10	4:Del:R:5	0.12256832781060989	0.8774316721893901	0.0	0.0	0.0	0.0	0.0	0.0
Stomach-AdenoCA::MSI-H.S.10	5:Del:R:0	0.18071712302261925	0.8192828769773808	0.0	0.0	0.0	0.0	0.0	0.0
Stomach-AdenoCA::MSI-H.S.10	5:Del:R:1	0.06114761282727367	0.9388523871727263	0.0	0.0	0.0	0.0	0.0	0.0
Stomach-AdenoCA::MSI-H.S.10	5:Del:R:2	0.24429728831360853	0.7557027116863914	0.0	0.0	0.0	0.0	0.0	0.0
Stomach-AdenoCA::MSI-H.S.10	5:Del:R:3	0.10837114378498257	0.8916288562150174	0.0	0.0	0.0	0.0	0.0	0.0
Stomach-AdenoCA::MSI-H.S.10	5:Del:R:4	0.03599929614941917	0.964000703850581	0.0	0.0	0.0	0.0	0.0	0.0
Stomach-AdenoCA::MSI-H.S.10	5:Del:R:5	0.6002524642981808	0.3997475357018192	0.0	0.0	0.0	0.0	0.0	0.0
Stomach-AdenoCA::MSI-H.S.10	2:Ins:R:0	0.5519987538224699	0.44800124617753007	0.0	0.0	0.0	0.0	0.0	0.0
Stomach-AdenoCA::MSI-H.S.10	2:Ins:R:1	0.028655339933350326	0.9713446600666497	0.0	0.0	0.0	0.0	0.0	0.0
Stomach-AdenoCA::MSI-H.S.10	2:Ins:R:2	0.1786010645480926	0.8213989354519075	0.0	0.0	0.0	0.0	0.0	0.0
Stomach-AdenoCA::MSI-H.S.10	2:Ins:R:3	0.5783467029662144	0.4216532970337855	0.0	0.0	0.0	0.0	0.0	0.0
Stomach-AdenoCA::MSI-H.S.10	2:Ins:R:4	0.5997259976830698	0.40027400231693033	0.0	0.0	0.0	0.0	0.0	0.0
Stomach-AdenoCA::MSI-H.S.10	2:Ins:R:5	0.5748050200448992	0.4251949799551009	0.0	0.0	0.0	0.0	0.0	0.0
Stomach-AdenoCA::MSI-H.S.10	3:Ins:R:0	0.005355513857922264	0.9946444861420777	0.0	0.0	0.0	0.0	0.0	0.0
Stomach-AdenoCA::MSI-H.S.10	3:Ins:R:1	0.17430753484095332	0.8256924651590467	0.0	0.0	0.0	0.0	0.0	0.0
Stomach-AdenoCA::MSI-H.S.10	3:Ins:R:2	0.1759393802167204	0.8240606197832795	0.0	0.0	0.0	0.0	0.0	0.0
Stomach-AdenoCA::MSI-H.S.10	3:Ins:R:3	0.9824991700497978	0.017500829950202173	0.0	0.0	0.0	0.0	0.0	0.0
Stomach-AdenoCA::MSI-H.S.10	3:Ins:R:4	0.38934778494610106	0.610652215053899	0.0	0.0	0.0	0.0	0.0	0.0
Stomach-AdenoCA::MSI-H.S.10	3:Ins:R:5	0.4051374708219894	0.5948625291780105	0.0	0.0	0.0	0.0	0.0	0.0
Stomach-AdenoCA::MSI-H.S.10	4:Ins:R:0	2.0038185466808656e-13	0.9999999999997997	0.0	0.0	0.0	0.0	0.0	0.0
Stomach-AdenoCA::MSI-H.S.10	4:Ins:R:1	0.38610241685825	0.6138975831417501	0.0	0.0	0.0	0.0	0.0	0.0
Stomach-AdenoCA::MSI-H.S.10	4:Ins:R:2	0.8629010315035849	0.1370989684964152	0.0	0.0	0.0	0.0	0.0	0.0
Stomach-AdenoCA::MSI-H.S.10	4:Ins:R:3	0.5442600546127219	0.45573994538727813	0.0	0.0	0.0	0.0	0.0	0.0
Stomach-AdenoCA::MSI-H.S.10	4:Ins:R:4	0.5658989979839827	0.43410100201601726	0.0	0.0	0.0	0.0	0.0	0.0
Stomach-AdenoCA::MSI-H.S.10	4:Ins:R:5	0.31706354858328367	0.6829364514167163	0.0	0.0	0.0	0.0	0.0	0.0
Stomach-AdenoCA::MSI-H.S.10	5:Ins:R:0	0.4601181159803719	0.539881884019628	0.0	0.0	0.0	0.0	0.0	0.0
Stomach-AdenoCA::MSI-H.S.10	5:Ins:R:1	0.915392506047165	0.08460749395283496	0.0	0.0	0.0	0.0	0.0	0.0
Stomach-AdenoCA::MSI-H.S.10	5:Ins:R:2	0.9791088444698699	0.020891155530130143	0.0	0.0	0.0	0.0	0.0	0.0
Stomach-AdenoCA::MSI-H.S.10	5:Ins:R:3	0.7116530048911293	0.2883469951088708	0.0	0.0	0.0	0.0	0.0	0.0
Stomach-AdenoCA::MSI-H.S.10	5:Ins:R:4	0.9919919006891348	0.008008099310865172	0.0	0.0	0.0	0.0	0.0	0.0
Stomach-AdenoCA::MSI-H.S.10	5:Ins:R:5	0.5131521901950702	0.48684780980492975	0.0	0.0	0.0	0.0	0.0	0.0
Stomach-AdenoCA::MSI-H.S.10	2:Del:M:1	0.8740457075747089	0.1259542924252911	0.0	0.0	0.0	0.0	0.0	0.0
Stomach-AdenoCA::MSI-H.S.10	3:Del:M:1	0.9934877423560999	0.006512257643900093	0.0	0.0	0.0	0.0	0.0	0.0
Stomach-AdenoCA::MSI-H.S.10	3:Del:M:2	0.3382453579731939	0.6617546420268061	0.0	0.0	0.0	0.0	0.0	0.0
Stomach-AdenoCA::MSI-H.S.10	4:Del:M:1	0.36699424320213614	0.6330057567978638	0.0	0.0	0.0	0.0	0.0	0.0
Stomach-AdenoCA::MSI-H.S.10	4:Del:M:2	0.21180123474329035	0.7881987652567097	0.0	0.0	0.0	0.0	0.0	0.0
Stomach-AdenoCA::MSI-H.S.10	4:Del:M:3	0.19069408912751384	0.8093059108724862	0.0	0.0	0.0	0.0	0.0	0.0
Stomach-AdenoCA::MSI-H.S.10	5:Del:M:1	0.0013261700076091928	0.9986738299923907	0.0	0.0	0.0	0.0	0.0	0.0
Stomach-AdenoCA::MSI-H.S.10	5:Del:M:2	2.0564102661321106e-06	0.9999979435897338	0.0	0.0	0.0	0.0	0.0	0.0
Stomach-AdenoCA::MSI-H.S.10	5:Del:M:3	4.179386387947716e-08	0.9999999582061362	0.0	0.0	0.0	0.0	0.0	0.0
Stomach-AdenoCA::MSI-H.S.10	5:Del:M:4	0.07856070512137295	0.921439294878627	0.0	0.0	0.0	0.0	0.0	0.0
Stomach-AdenoCA::MSI-H.S.10	5:Del:M:5	0.22224145940911905	0.7777585405908809	0.0	0.0	0.0	0.0	0.0	0.0
