MutationType	SBS1	SBS2	SBS5	SBS7a	SBS7b	SBS7c	SBS7d	SBS13	SBS17a	SBS17b	SBS38	SBS40
A[C>A]A	0.00088616	0.00000058	0.01199760	0.00006700	0.00232939	0.00483041	0.00004040	0.00181992	0.00207026	0.00060796	0.01279487	0.02820375
A[C>A]C	0.00228041	0.00014800	0.00943811	0.00017912	0.00046088	0.00115010	0.00076488	0.00072097	0.00091812	0.00012899	0.01009595	0.01340178
A[C>A]G	0.00017703	0.00005230	0.00184963	0.00007120	0.00018595	0.00037703	0.00024996	0.00026399	0.00004760	0.00005820	0.00189924	0.00292039
A[C>A]T	0.00128023	0.00009780	0.00660868	0.00024816	0.00070981	0.00196016	0.00404938	0.00034798	0.00006180	0.00045597	0.00884645	0.01480197
A[C>G]A	0.00186033	0.00000000	0.01009798	0.00006490	0.00000856	0.00112009	0.00117982	0.00386983	0.00101013	0.00014599	0.00268892	0.01220162
A[C>G]C	0.00122022	0.00013300	0.00569886	0.00002160	0.00018895	0.00031903	0.00254961	0.00095096	0.00056907	0.00004340	0.00157937	0.00868115
A[C>G]G	0.00011502	0.00001520	0.00171966	0.00005080	0.00050487	0.00000000	0.00090586	0.00026399	0.00015202	0.00000000	0.00063574	0.00225030
A[C>G]T	0.00114020	0.00009120	0.01009798	0.00009570	0.00028493	0.00193016	0.00290955	0.00399982	0.00001960	0.00031898	0.00243902	0.01460194
A[C>T]A	0.02500444	0.00006110	0.03259348	0.00012208	0.00140963	0.00133011	0.00332949	0.00717968	0.00122015	0.00057096	0.00344862	0.01970262
A[C>T]C	0.00632112	0.00138004	0.01789642	0.01771150	0.03808996	0.00768064	0.00139978	0.00000000	0.00171022	0.00007030	0.00214914	0.01210161
A[C>T]G	0.36506483	0.00003270	0.00617876	0.00000000	0.00054286	0.00092708	0.00120981	0.00030299	0.00003950	0.00028698	0.00517792	0.00026704
A[C>T]T	0.00958170	0.00186005	0.02199560	0.00742482	0.01079715	0.00748063	0.03289495	0.00031799	0.00073709	0.00014699	0.00243902	0.01690225
A[T>A]A	0.00080014	0.00009590	0.00737852	0.00194126	0.00248934	0.01240104	0.00008890	0.00000000	0.00101013	0.00006260	0.00198920	0.00610081
A[T>A]C	0.00223040	0.00087803	0.00692861	0.00067044	0.00046688	0.00342029	0.00107983	0.00006520	0.00099713	0.00028898	0.00193922	0.00444059
A[T>A]G	0.00114020	0.00002550	0.00911818	0.00058738	0.00155959	0.00021102	0.00369943	0.00058997	0.00020002	0.00006570	0.00107957	0.00693092
A[T>A]T	0.00018303	0.00000000	0.00619876	0.00371241	0.00828782	0.05070426	0.04109369	0.00060597	0.00146018	0.00063296	0.00271891	0.01070142
A[T>C]A	0.00109019	0.00006170	0.04619076	0.00049032	0.00101973	0.00028802	0.00435933	0.00190992	0.00009650	0.00009730	0.00278888	0.01870249
A[T>C]C	0.00304054	0.00002150	0.01339732	0.00022715	0.00045588	0.00053305	0.00392940	0.00014199	0.01270160	0.00025198	0.00163934	0.00734098
A[T>C]G	0.00010602	0.00001320	0.03819236	0.00018712	0.00149960	0.00107009	0.00918859	0.00042798	0.00037605	0.00000000	0.00216913	0.01550206
A[T>C]T	0.00574102	0.00015500	0.03829234	0.00061540	0.00214943	0.00265022	0.05099217	0.00095896	0.00779099	0.00054396	0.00348860	0.01940258
A[T>G]A	0.00017203	0.00023801	0.00385923	0.00047331	0.00008440	0.01190100	0.00369943	0.00006140	0.00085111	0.00140990	0.00114954	0.00723096
A[T>G]C	0.00020704	0.00007460	0.00259948	0.00024716	0.00093175	0.00105009	0.00265959	0.00000000	0.00070009	0.00447969	0.00106957	0.00705094
A[T>G]G	0.00026805	0.00000205	0.00793841	0.00027618	0.00146961	0.00060405	0.01059837	0.00008250	0.00071909	0.00098993	0.00206917	0.00806107
A[T>G]T	0.00011202	0.00000376	0.00482903	0.00030920	0.00073281	0.00000000	0.01429780	0.00031999	0.01250158	0.06909525	0.00285885	0.01800239
C[C>A]A	0.00031205	0.00020801	0.00742851	0.00045529	0.00113970	0.00010901	0.01449777	0.00139994	0.00029504	0.00027098	0.38084728	0.02080277
C[C>A]C	0.00179032	0.00009530	0.00613877	0.00024016	0.00154959	0.00309026	0.00321951	0.00096796	0.00116015	0.00004110	0.06947214	0.01470196
C[C>A]G	0.00009320	0.00000000	0.00345931	0.00000000	0.00040789	0.00191016	0.00008510	0.00000433	0.00000000	0.00000000	0.05097956	0.00254034
C[C>A]T	0.00000000	0.00042101	0.00648870	0.00037224	0.00148961	0.01350113	0.00011698	0.00000000	0.00013702	0.00018199	0.18392625	0.01470196
C[C>G]A	0.00002410	0.00000000	0.00695861	0.00000000	0.00045788	0.00020602	0.00131980	0.00560975	0.00055307	0.00019399	0.00168932	0.00756101
C[C>G]C	0.00007680	0.00035101	0.00906819	0.00013108	0.00095975	0.00226019	0.00028596	0.00064797	0.00023503	0.00004660	0.00125950	0.00935124
C[C>G]G	0.00035206	0.00004870	0.00248950	0.00007760	0.00079079	0.00026202	0.00131980	0.00048798	0.00023203	0.00000000	0.00095662	0.00168022
C[C>G]T	0.00000000	0.00006360	0.00952809	0.00009570	0.00088977	0.00424036	0.00000000	0.00639972	0.00003900	0.00019299	0.00126949	0.01390185
C[C>T]A	0.00200036	0.00432013	0.01939612	0.05003248	0.10697180	0.00271023	0.03559453	0.00001930	0.00082110	0.00045697	0.00423830	0.01960261
C[C>T]C	0.00027005	0.00017001	0.01899620	0.05533592	0.18195203	0.00597050	0.00259960	0.00134994	0.00172022	0.00005890	0.00472810	0.01730230
C[C>T]G	0.19603481	0.00277008	0.01749650	0.00671436	0.02209418	0.00894075	0.00263959	0.00198991	0.00190024	0.00054296	0.00349860	0.00236031
C[C>T]T	0.00019604	0.00145004	0.02309538	0.05663676	0.12596679	0.02060173	0.00013798	0.00144994	0.00174022	0.00013599	0.00409836	0.02160287
C[T>A]A	0.00004300	0.00024301	0.00353929	0.00017711	0.00111970	0.00347029	0.00160975	0.00020899	0.00043405	0.00009360	0.00089664	0.00109014
C[T>A]C	0.00039307	0.00024401	0.00518896	0.00026117	0.00095775	0.01340113	0.00008130	0.00034198	0.04050512	0.00223985	0.00201919	0.00762101
C[T>A]G	0.00032406	0.00014900	0.00500900	0.00011207	0.00088277	0.00096108	0.00119982	0.00022599	0.01240157	0.00071695	0.00177929	0.00346046
C[T>A]T	0.00026005	0.00000000	0.00429914	0.00037124	0.00011197	0.04870409	0.00114982	0.00052298	0.07230914	0.00778946	0.00235905	0.00928123
C[T>C]A	0.00000000	0.00030201	0.01329734	0.00045129	0.00152960	0.00757064	0.01019843	0.00004740	0.01110140	0.00064696	0.00194922	0.01090145
C[T>C]C	0.00250044	0.00002850	0.01039792	0.00025917	0.00083978	0.00358030	0.00008890	0.00012200	0.17302186	0.00645956	0.00231907	0.00987131
C[T>C]G	0.00036006	0.00000000	0.02079584	0.00010407	0.00072981	0.00217018	0.00093486	0.00000000	0.08731103	0.00391973	0.00253898	0.01050140
C[T>C]T	0.00004260	0.00018600	0.01489702	0.00182118	0.00572849	0.04310362	0.03969390	0.00011200	0.42605383	0.01829874	0.00426829	0.01360181
C[T>G]A	0.00003550	0.00015300	0.00258948	0.00008430	0.00035891	0.00328028	0.00147977	0.00004140	0.00031004	0.00204986	0.00098261	0.00335045
C[T>G]C	0.00021204	0.00015500	0.00460908	0.00017211	0.00079179	0.00558047	0.00004980	0.00000282	0.00104013	0.03139784	0.00140943	0.00567075
C[T>G]G	0.00012802	0.00012100	0.00612877	0.00000000	0.00128966	0.00119010	0.00002580	0.00000000	0.00000194	0.01369906	0.00158936	0.00559074
C[T>G]T	0.00017103	0.00020301	0.00729854	0.00002650	0.00000368	0.00340029	0.00015598	0.00005550	0.00531067	0.54996223	0.00687724	0.01310174
G[C>A]A	0.00158028	0.00008620	0.01019796	0.00004060	0.00074580	0.00105009	0.00016797	0.00094896	0.00178023	0.00099793	0.01199519	0.01420189
G[C>A]C	0.00033906	0.00000000	0.00764847	0.00013809	0.00021494	0.00074206	0.00000000	0.00045098	0.00128016	0.00000278	0.00627748	0.01020136
G[C>A]G	0.00058710	0.00001390	0.00233953	0.00004250	0.00007290	0.00000000	0.00001820	0.00016399	0.00010601	0.00009240	0.00136945	0.00255034
G[C>A]T	0.00000000	0.00005120	0.00681864	0.00000000	0.00014696	0.00036303	0.00007400	0.00006150	0.00004700	0.00053396	0.00908636	0.01080144
G[C>G]A	0.00000959	0.00006540	0.00467906	0.00001960	0.00005110	0.00018201	0.00019597	0.00149993	0.00087811	0.00005990	0.00119952	0.00506067
G[C>G]C	0.00016403	0.00026101	0.00507898	0.00003320	0.00045188	0.00047304	0.00000000	0.00047898	0.00083511	0.00005550	0.00107957	0.00537071
G[C>G]G	0.00016603	0.00000000	0.00150970	0.00004510	0.00033691	0.00018002	0.00054492	0.00024099	0.00002370	0.00000000	0.00101959	0.00119016
G[C>G]T	0.00000000	0.00013400	0.00671866	0.00004200	0.00027693	0.00128011	0.00088187	0.00269988	0.00078710	0.00000000	0.00091663	0.00698093
G[C>T]A	0.00444079	0.00000000	0.01939612	0.00008500	0.00085478	0.00015701	0.00036494	0.00717968	0.00164021	0.00006110	0.00236905	0.01430190
G[C>T]C	0.00009280	0.00000013	0.02159568	0.01170760	0.02629307	0.00000951	0.00018097	0.00092096	0.00000000	0.00015699	0.00295881	0.01160154
G[C>T]G	0.21803872	0.00000000	0.01229754	0.00000552	0.00017595	0.00003430	0.00015698	0.00017799	0.00161020	0.00085494	0.00447820	0.00000000
G[C>T]T	0.00003840	0.00005040	0.01859628	0.01611046	0.00538858	0.00075806	0.04209353	0.00126994	0.00006600	0.00000000	0.00319872	0.01270169
G[T>A]A	0.00008120	0.00000000	0.00366927	0.00040126	0.00052586	0.00173014	0.00002370	0.00000670	0.00006460	0.00009730	0.00089264	0.00265035
G[T>A]C	0.00012902	0.00013100	0.00290942	0.00022415	0.00025593	0.00227019	0.00011198	0.00012999	0.00340043	0.00034698	0.00111955	0.00343046
G[T>A]G	0.00024604	0.00006380	0.00410918	0.00029019	0.00065583	0.00000000	0.00134979	0.00004700	0.00069509	0.00024098	0.00120951	0.00441059
G[T>A]T	0.00025805	0.00006280	0.00321936	0.00030620	0.00005590	0.02030171	0.00875866	0.00035798	0.00480061	0.00157989	0.00183926	0.00577077
G[T>C]A	0.00105019	0.00000000	0.01409718	0.00010107	0.00026593	0.00000000	0.00079988	0.00028699	0.00012302	0.00005950	0.00169932	0.00601080
G[T>C]C	0.00190034	0.00002740	0.00793841	0.00007410	0.00000000	0.00042304	0.00231964	0.00018199	0.01490188	0.00149990	0.00215913	0.00458061
G[T>C]G	0.00117021	0.00010700	0.01499700	0.00007250	0.00052886	0.00023202	0.00256961	0.00019499	0.00357045	0.00100993	0.00186925	0.00565075
G[T>C]T	0.00007130	0.00001250	0.01369726	0.00081153	0.00684819	0.00707059	0.31795116	0.00000000	0.00524066	0.00146990	0.00304878	0.00731097
G[T>G]A	0.00000000	0.00020901	0.00251950	0.00009070	0.00032292	0.00248021	0.00007480	0.00008770	0.00049506	0.00028098	0.00050380	0.00249033
G[T>G]C	0.00000000	0.00013300	0.00170966	0.00012108	0.00032092	0.00166014	0.00002230	0.00000000	0.00020403	0.00624957	0.00093862	0.00224030
G[T>G]G	0.00034806	0.00003710	0.00529894	0.00032521	0.00240937	0.00603051	0.00379942	0.00042598	0.00083511	0.00147990	0.00215913	0.00445059
G[T>G]T	0.00001460	0.00000000	0.00234953	0.00083554	0.00182952	0.00675057	0.00683895	0.00000289	0.00724091	0.11399217	0.00333866	0.00548073
T[C>A]A	0.00006580	0.00063902	0.00785843	0.00039025	0.00289924	0.00252021	0.01139825	0.07899652	0.00019002	0.00001240	0.01769290	0.02600346
T[C>A]C	0.00253045	0.00017001	0.00916817	0.00063641	0.00351907	0.01420119	0.00775881	0.02939870	0.00002590	0.00000000	0.01149539	0.02100279
T[C>A]G	0.00000000	0.00008530	0.00229954	0.00003440	0.00029992	0.00000000	0.00000000	0.01209947	0.00000000	0.00009510	0.00237905	0.00317042
T[C>A]T	0.00000588	0.00044001	0.01269746	0.00061340	0.00140963	0.00373031	0.00019097	0.03549844	0.00028804	0.00256982	0.02778886	0.02410321
T[C>G]A	0.00000000	0.00000000	0.00780844	0.00000000	0.00025393	0.00194016	0.00373943	0.31698603	0.00375047	0.00015999	0.00265893	0.01250166
T[C>G]C	0.00020304	0.00009870	0.00759848	0.00005090	0.00161957	0.00461039	0.00058791	0.06349720	0.00072309	0.00006180	0.00217913	0.01410188
T[C>G]G	0.00006940	0.00004120	0.00170966	0.00000635	0.00036390	0.00000875	0.00087287	0.01379939	0.00038005	0.00001550	0.00109956	0.00174023
T[C>G]T	0.00156028	0.00118003	0.01249750	0.00028118	0.00071381	0.01230103	0.00008530	0.36898374	0.00028304	0.00149990	0.00394842	0.02370315
T[C>T]A	0.00111020	0.53601551	0.02029594	0.23815459	0.00660826	0.01730145	0.00020697	0.00692969	0.00053207	0.00010799	0.00644741	0.03000399
T[C>T]C	0.00003730	0.09730282	0.02299540	0.33121500	0.21094439	0.01370115	0.00564913	0.00447980	0.00009060	0.00060396	0.00722710	0.02310307
T[C>T]G	0.11001954	0.04420128	0.01589682	0.07414813	0.05738487	0.00004640	0.00174973	0.00118995	0.00017702	0.00006240	0.00346861	0.00212028
T[C>T]T	0.00000000	0.30000868	0.02099580	0.10706950	0.10197312	0.00232020	0.04999232	0.00141994	0.00034804	0.00089494	0.00657736	0.02240298
T[T>A]A	0.00672119	0.00042201	0.00630874	0.00035623	0.00323915	0.01540129	0.01669744	0.00029599	0.00011901	0.00118992	0.00243902	0.00713095
T[T>A]C	0.00000000	0.00019201	0.00413917	0.00038925	0.00223941	0.03420287	0.00122981	0.00023199	0.00570072	0.00024198	0.00092763	0.01030137
T[T>A]G	0.00002800	0.00005010	0.00478904	0.00000000	0.00169955	0.01220103	0.00559914	0.00018799	0.00183023	0.00000000	0.00080368	0.00502067
T[T>A]T	0.00225040	0.00020501	0.00874825	0.00079852	0.00000000	0.27902345	0.02729581	0.00006200	0.00198025	0.00130991	0.00249900	0.02100279
T[T>C]A	0.00025505	0.00000000	0.01799640	0.00215140	0.00599842	0.03020254	0.08118753	0.00002210	0.00209026	0.00105993	0.00210915	0.01020136
T[T>C]C	0.00339060	0.00004350	0.00970806	0.00059639	0.00172954	0.02090176	0.01429780	0.00002490	0.01530193	0.00109993	0.00218912	0.00755100
T[T>C]G	0.00041607	0.00011700	0.01269746	0.00031921	0.00380900	0.01290108	0.02279650	0.00009980	0.00235030	0.00120992	0.00191923	0.00601080
T[T>C]T	0.00433077	0.00003580	0.01849630	0.00081253	0.00296922	0.08810741	0.04309338	0.00053098	0.02100265	0.00099993	0.00305877	0.01020136
T[T>G]A	0.00000000	0.00001670	0.00521896	0.00012808	0.00095475	0.01930162	0.00021097	0.00018399	0.00000000	0.00001220	0.00116953	0.00846113
T[T>G]C	0.00005510	0.00007040	0.00655869	0.00011608	0.00154959	0.01740146	0.00011498	0.00000000	0.00011602	0.00874940	0.00090264	0.01140152
T[T>G]G	0.00058310	0.00009540	0.00693861	0.00000000	0.00134964	0.00764064	0.00012498	0.00003670	0.00092012	0.00477967	0.00189924	0.00866115
T[T>G]T	0.00000000	0.00000000	0.01349730	0.00008300	0.00176953	0.02170182	0.00016598	0.00001890	0.00458058	0.12199162	0.00528788	0.02500333
