Sample Names	MutationType	SBS1	SBS2	SBS5	SBS7a	SBS7b	SBS7c	SBS7d	SBS13	SBS17a	SBS17b	SBS38	SBS40
Skin-Melanoma::MSI-H.S.1	A[C>A]A	0.01693675565102145	0.0	0.736469427239224	0.020268811285646577	0.09866978550110378	0.12765522032300403	0.0	0.0	0.0	0.0	0.0	0.0
Skin-Melanoma::MSI-H.S.1	A[C>A]C	0.05995043470292245	0.0	0.7969048327780094	0.07448477272149423	0.02685283714157965	0.04180712265599436	0.0	0.0	0.0	0.0	0.0	0.0
Skin-Melanoma::MSI-H.S.1	A[C>A]G	0.021647294092683986	0.0	0.7264053868612727	0.1378057442844289	0.050393562147234436	0.06374801261438008	0.0	0.0	0.0	0.0	0.0	0.0
Skin-Melanoma::MSI-H.S.1	A[C>A]T	0.04168148150488922	0.0	0.6910534086585296	0.12780323132686416	0.05121807939079239	0.08824379911892466	0.0	0.0	0.0	0.0	0.0	0.0
Skin-Melanoma::MSI-H.S.1	A[C>G]A	0.0504325891797448	0.0	0.8792182040109751	0.027848383703010387	0.0005141665845440103	0.041986656521725826	0.0	0.0	0.0	0.0	0.0	0.0
Skin-Melanoma::MSI-H.S.1	A[C>G]C	0.0588757612248596	0.0	0.8831379286445071	0.01649633365995616	0.02020553117022906	0.02128444530044802	0.0	0.0	0.0	0.0	0.0	0.0
Skin-Melanoma::MSI-H.S.1	A[C>G]G	0.015212095513747055	0.0	0.7304603161321965	0.10634373069567596	0.14798385765833977	4.0601223999878256e-14	0.0	0.0	0.0	0.0	0.0	0.0
Skin-Melanoma::MSI-H.S.1	A[C>G]T	0.029703701720352266	0.0	0.8448975958414254	0.039420360580299185	0.016450622889373774	0.06952771896854941	0.0	0.0	0.0	0.0	0.0	0.0
Skin-Melanoma::MSI-H.S.1	A[C>T]A	0.18307445284522636	0.0	0.7664473253019932	0.014138539296491174	0.022873815397332253	0.013465867158956897	0.0	0.0	0.0	0.0	0.0	0.0
Skin-Melanoma::MSI-H.S.1	A[C>T]C	0.014398957120527212	0.0	0.13093144709219343	0.6381814889038031	0.19229619851501686	0.024191908368459313	0.0	0.0	0.0	0.0	0.0	0.0
Skin-Melanoma::MSI-H.S.1	A[C>T]G	0.9423594659711643	0.0	0.05122585133439459	9.111409637119587e-15	0.003105670133181868	0.00330901256125	0.0	0.0	0.0	0.0	0.0	0.0
Skin-Melanoma::MSI-H.S.1	A[C>T]T	0.04131023456915083	0.0	0.30457328644189013	0.5063525875261218	0.10316863164806342	0.04459525981477381	0.0	0.0	0.0	0.0	0.0	0.0
Skin-Melanoma::MSI-H.S.1	A[T>A]A	0.010275455990403429	0.0	0.3043297821351209	0.3943390836104912	0.0708503869709298	0.2202052912930547	0.0	0.0	0.0	0.0	0.0	0.0
Skin-Melanoma::MSI-H.S.1	A[T>A]C	0.0545965431176425	0.0	0.5447164536479292	0.2595924525116896	0.025328468220214402	0.11576608250252429	0.0	0.0	0.0	0.0	0.0	0.0
Skin-Melanoma::MSI-H.S.1	A[T>A]G	0.026232708372380238	0.0	0.6737675567348882	0.21376340446815204	0.07952334531415801	0.006712985110421451	0.0	0.0	0.0	0.0	0.0	0.0
Skin-Melanoma::MSI-H.S.1	A[T>A]T	0.0010940840252653895	0.0	0.11900583433257794	0.3510188776220591	0.1097958387627542	0.4190853652573433	0.0	0.0	0.0	0.0	0.0	0.0
Skin-Melanoma::MSI-H.S.1	A[T>C]A	0.006819795245311757	0.0	0.9280337917972269	0.04851744187918825	0.014137635246687845	0.0024913358315852654	0.0	0.0	0.0	0.0	0.0	0.0
Skin-Melanoma::MSI-H.S.1	A[T>C]C	0.059143268219680786	0.0	0.8369769757000863	0.06988992423759183	0.019652976812526386	0.0143368550301145	0.0	0.0	0.0	0.0	0.0	0.0
Skin-Melanoma::MSI-H.S.1	A[T>C]G	0.0008121982935686022	0.0	0.9397158392380812	0.022675391307531108	0.02546122117380947	0.01133534998700949	0.0	0.0	0.0	0.0	0.0	0.0
Skin-Melanoma::MSI-H.S.1	A[T>C]T	0.03908409670097726	0.0	0.8372669290070855	0.06627050482815511	0.03243085583543111	0.02494761362835094	0.0	0.0	0.0	0.0	0.0	0.0
Skin-Melanoma::MSI-H.S.1	A[T>G]A	0.0046879314235580526	0.0	0.3377668973866361	0.2040191436432254	0.005095971761843309	0.4484300557847371	0.0	0.0	0.0	0.0	0.0	0.0
Skin-Melanoma::MSI-H.S.1	A[T>G]C	0.012953969733425252	0.0	0.5223755690738916	0.24461690231327696	0.12920526403864707	0.09084829484075917	0.0	0.0	0.0	0.0	0.0	0.0
Skin-Melanoma::MSI-H.S.1	A[T>G]G	0.007831899771517208	0.0	0.7449545998328921	0.12764340633616222	0.09516591435959786	0.024404179699830417	0.0	0.0	0.0	0.0	0.0	0.0
Skin-Melanoma::MSI-H.S.1	A[T>G]T	0.005060373219181903	0.0	0.7006298455143578	0.2209428652863997	0.0733669159800469	1.3867955811098737e-14	0.0	0.0	0.0	0.0	0.0	0.0
Skin-Melanoma::MSI-H.S.1	C[C>A]A	0.009164883369322705	0.0	0.7007097154160359	0.21151478082793965	0.07418378069540295	0.004426839691298727	0.0	0.0	0.0	0.0	0.0	0.0
Skin-Melanoma::MSI-H.S.1	C[C>A]C	0.054231400061134326	0.0	0.597232088051022	0.1150710308421257	0.10403063435094917	0.129434846694769	0.0	0.0	0.0	0.0	0.0	0.0
Skin-Melanoma::MSI-H.S.1	C[C>A]G	0.006320256455452473	0.0	0.7533067589290683	2.393209003332253e-13	0.061292976871429046	0.17908000774381092	0.0	0.0	0.0	0.0	0.0	0.0
Skin-Melanoma::MSI-H.S.1	C[C>A]T	4.580066136799134e-15	0.0	0.42794559445264346	0.12091127549375248	0.06779301011545855	0.38335011993814083	0.0	0.0	0.0	0.0	0.0	0.0
Skin-Melanoma::MSI-H.S.1	C[C>G]A	0.001018217151782567	0.0	0.9440817061302385	1.491025961221092e-13	0.04286675480770846	0.012033321910121422	0.0	0.0	0.0	0.0	0.0	0.0
Skin-Melanoma::MSI-H.S.1	C[C>G]C	0.0021029106196262283	0.0	0.7973405620953843	0.05676594423376246	0.058232118507024984	0.08555846454420206	0.0	0.0	0.0	0.0	0.0	0.0
Skin-Melanoma::MSI-H.S.1	C[C>G]G	0.030118321878241247	0.0	0.6840131180227624	0.10494138358135216	0.14993269706219234	0.030994479455451803	0.0	0.0	0.0	0.0	0.0	0.0
Skin-Melanoma::MSI-H.S.1	C[C>G]T	5.582941722528537e-15	0.0	0.765998834508955	0.0378767842471503	0.049360551240866905	0.14676383000302232	0.0	0.0	0.0	0.0	0.0	0.0
Skin-Melanoma::MSI-H.S.1	C[C>T]A	0.00182424831297513	0.0	0.056811030142475294	0.7217402710740644	0.21620687434435473	0.0034175761261306327	0.0	0.0	0.0	0.0	0.0	0.0
Skin-Melanoma::MSI-H.S.1	C[C>T]C	0.00020031794421988578	0.0	0.04525709442252023	0.6492892284998287	0.29912949748818235	0.006123861645248754	0.0	0.0	0.0	0.0	0.0	0.0
Skin-Melanoma::MSI-H.S.1	C[C>T]G	0.46700943145189894	0.0	0.13387041370213187	0.253016635646772	0.11665238344727341	0.029451135751923714	0.0	0.0	0.0	0.0	0.0	0.0
Skin-Melanoma::MSI-H.S.1	C[C>T]T	0.00015340179692446251	0.0	0.058044801746459325	0.7010480459798819	0.21846239155783728	0.02229135891889702	0.0	0.0	0.0	0.0	0.0	0.0
Skin-Melanoma::MSI-H.S.1	C[T>A]A	0.0020011048981759655	0.0	0.5289098294833544	0.1303561850806377	0.11546521939558384	0.223267661142248	0.0	0.0	0.0	0.0	0.0	0.0
Skin-Melanoma::MSI-H.S.1	C[T>A]C	0.009394017437664983	0.0	0.3982934333178823	0.09873162735559407	0.050728974580567694	0.442851947308291	0.0	0.0	0.0	0.0	0.0	0.0
Skin-Melanoma::MSI-H.S.1	C[T>A]G	0.015093637492023419	0.0	0.7493135871239494	0.08257030790554658	0.09112580368071194	0.06189666379776871	0.0	0.0	0.0	0.0	0.0	0.0
Skin-Melanoma::MSI-H.S.1	C[T>A]T	0.002970850512190389	0.0	0.15774401254406076	0.06708699474668244	0.002835027246745591	0.7693631149503208	0.0	0.0	0.0	0.0	0.0	0.0
Skin-Melanoma::MSI-H.S.1	C[T>C]A	3.5011690067750536e-15	0.0	0.6704043598766292	0.11205770678663056	0.05321467401853486	0.1643232593182021	0.0	0.0	0.0	0.0	0.0	0.0
Skin-Melanoma::MSI-H.S.1	C[T>C]C	0.05342009410075798	0.0	0.7134687505911295	0.08758331529335936	0.039762683752951125	0.1057651562618022	0.0	0.0	0.0	0.0	0.0	0.0
Skin-Melanoma::MSI-H.S.1	C[T>C]G	0.004904477881386816	0.0	0.9097678622306629	0.02242232252426754	0.022031542400025354	0.040873794963657485	0.0	0.0	0.0	0.0	0.0	0.0
Skin-Melanoma::MSI-H.S.1	C[T>C]T	0.0002859724681120988	0.0	0.3211277746019396	0.19334947131756847	0.08521204920535527	0.4000247324070245	0.0	0.0	0.0	0.0	0.0	0.0
Skin-Melanoma::MSI-H.S.1	C[T>G]A	0.002364540854456282	0.0	0.553853889477495	0.08875391863794552	0.05297179390213457	0.3020558571279685	0.0	0.0	0.0	0.0	0.0	0.0
Skin-Melanoma::MSI-H.S.1	C[T>G]C	0.007792992058526598	0.0	0.5440593456942778	0.10005845578131037	0.06449489162741785	0.2835943148384674	0.0	0.0	0.0	0.0	0.0	0.0
Skin-Melanoma::MSI-H.S.1	C[T>G]G	0.005264980778781962	0.0	0.8095138278731535	1.451605683149097e-13	0.11754611872939688	0.06767507261852244	0.0	0.0	0.0	0.0	0.0	0.0
Skin-Melanoma::MSI-H.S.1	C[T>G]T	0.005950675701751217	0.0	0.8155864639998031	0.014593955672830563	0.0002836937409134677	0.16358521088470176	0.0	0.0	0.0	0.0	0.0	0.0
Skin-Melanoma::MSI-H.S.1	G[C>A]A	0.04149783603621175	0.0	0.8600931957701246	0.016875294995522924	0.04340491938177165	0.038128753816369314	0.0	0.0	0.0	0.0	0.0	0.0
Skin-Melanoma::MSI-H.S.1	G[C>A]C	0.011859093385776433	0.0	0.8591919565861399	0.07639903158229865	0.016661803705480892	0.03588811474030409	0.0	0.0	0.0	0.0	0.0	0.0
Skin-Melanoma::MSI-H.S.1	G[C>A]G	0.06570609257319115	0.0	0.8409310224106707	0.07528586531661427	0.01807701969948944	3.4357018055411015e-14	0.0	0.0	0.0	0.0	0.0	0.0
Skin-Melanoma::MSI-H.S.1	G[C>A]T	9.813690657825096e-15	0.0	0.9635823859739742	1.553063956312831e-13	0.014331003397214909	0.022086610628645784	0.0	0.0	0.0	0.0	0.0	0.0
Skin-Melanoma::MSI-H.S.1	G[C>G]A	0.0006104433987827817	0.0	0.9564221475578902	0.019744213672028044	0.007205754434595874	0.016017440936702952	0.0	0.0	0.0	0.0	0.0	0.0
Skin-Melanoma::MSI-H.S.1	G[C>G]C	0.008791591092090103	0.0	0.8743077363833431	0.02816557957819802	0.05367769150982528	0.03505740143654339	0.0	0.0	0.0	0.0	0.0	0.0
Skin-Melanoma::MSI-H.S.1	G[C>G]G	0.02469115916069255	0.0	0.7210864171301282	0.10616146650835313	0.1110439890972472	0.03701696810357894	0.0	0.0	0.0	0.0	0.0	0.0
Skin-Melanoma::MSI-H.S.1	G[C>G]T	9.056645771673064e-15	0.0	0.8762111360762188	0.02699409584042382	0.02492149266735051	0.07187327541599783	0.0	0.0	0.0	0.0	0.0	0.0
Skin-Melanoma::MSI-H.S.1	G[C>T]A	0.06326674771242786	0.0	0.8875058947314722	0.01914508091748839	0.026989225213099696	0.0030930514255117906	0.0	0.0	0.0	0.0	0.0	0.0
Skin-Melanoma::MSI-H.S.1	G[C>T]C	0.0002966051439874185	0.0	0.22164678201316906	0.591798064724579	0.18621652326864063	4.2024849623920056e-05	0.0	0.0	0.0	0.0	0.0	0.0
Skin-Melanoma::MSI-H.S.1	G[C>T]G	0.8449146947346038	0.0	0.15305180578794378	0.00033857307971186883	0.0015111264267291323	0.0001837999710113362	0.0	0.0	0.0	0.0	0.0	0.0
Skin-Melanoma::MSI-H.S.1	G[C>T]T	0.00011724008707770108	0.0	0.18232021694066003	0.7779071449047705	0.03645569953370829	0.003199698533783408	0.0	0.0	0.0	0.0	0.0	0.0
Skin-Melanoma::MSI-H.S.1	G[T>A]A	0.0037304166941342963	0.0	0.5413078905158192	0.29154303180383334	0.05353266002344871	0.10988600096276441	0.0	0.0	0.0	0.0	0.0	0.0
Skin-Melanoma::MSI-H.S.1	G[T>A]C	0.007714313516820369	0.0	0.5586985451480554	0.2119886306219243	0.03391402242756089	0.18768448828563908	0.0	0.0	0.0	0.0	0.0	0.0
Skin-Melanoma::MSI-H.S.1	G[T>A]G	0.012625802523314682	0.0	0.6772401291975385	0.23554769546323012	0.07458637281590105	1.5753309604577217e-14	0.0	0.0	0.0	0.0	0.0	0.0
Skin-Melanoma::MSI-H.S.1	G[T>A]T	0.005913494969691357	0.0	0.23695036073102121	0.11099487556382141	0.002838364044244852	0.643302904691221	0.0	0.0	0.0	0.0	0.0	0.0
Skin-Melanoma::MSI-H.S.1	G[T>C]A	0.02164674365860066	0.0	0.9332529353608774	0.03295198834740761	0.012148332633108067	6.327777476936566e-15	0.0	0.0	0.0	0.0	0.0	0.0
Skin-Melanoma::MSI-H.S.1	G[T>C]C	0.06518205171656989	0.0	0.8745243467436876	0.040229960850799336	1.687171237358399e-14	0.020063640688926188	0.0	0.0	0.0	0.0	0.0	0.0
Skin-Melanoma::MSI-H.S.1	G[T>C]G	0.022513864117235025	0.0	0.926685600365072	0.022077971165542176	0.022550263130555002	0.006172301221595946	0.0	0.0	0.0	0.0	0.0	0.0
Skin-Melanoma::MSI-H.S.1	G[T>C]T	0.0008712145054825982	0.0	0.5374438675187005	0.1568243147197064	0.1854205659578128	0.1194400372982977	0.0	0.0	0.0	0.0	0.0	0.0
Skin-Melanoma::MSI-H.S.1	G[T>G]A	1.6314640062995522e-14	0.0	0.5919024685572547	0.10489572953761868	0.0523488226965144	0.25085297920859595	0.0	0.0	0.0	0.0	0.0	0.0
Skin-Melanoma::MSI-H.S.1	G[T>G]C	2.141942519055502e-14	0.0	0.5273221766546643	0.18392691887502827	0.06830299452319805	0.22044790994708788	0.0	0.0	0.0	0.0	0.0	0.0
Skin-Melanoma::MSI-H.S.1	G[T>G]G	0.009617773340853588	0.0	0.4702709374771104	0.14214632347407335	0.1475516599316501	0.2304133057763127	0.0	0.0	0.0	0.0	0.0	0.0
Skin-Melanoma::MSI-H.S.1	G[T>G]T	0.00042739877501525196	0.0	0.22086416428829034	0.3868333147347432	0.11867610114175374	0.27319902106019744	0.0	0.0	0.0	0.0	0.0	0.0
Skin-Melanoma::MSI-H.S.1	T[C>A]A	0.0015901011252726133	0.0	0.609815380981778	0.14914903051407602	0.15524892877540533	0.08419655860346796	0.0	0.0	0.0	0.0	0.0	0.0
Skin-Melanoma::MSI-H.S.1	T[C>A]C	0.03642055171490546	0.0	0.4238110849251182	0.1448905601043718	0.11225363822193585	0.28262416503366866	0.0	0.0	0.0	0.0	0.0	0.0
Skin-Melanoma::MSI-H.S.1	T[C>A]G	2.595072586962527e-14	0.0	0.8593091965710349	0.06335196149151387	0.07733884193738963	3.5718447178731244e-14	0.0	0.0	0.0	0.0	0.0	0.0
Skin-Melanoma::MSI-H.S.1	T[C>A]T	0.00010006585730589145	0.0	0.6938878645303069	0.16509200629326493	0.05315687848629276	0.08776318483282967	0.0	0.0	0.0	0.0	0.0	0.0
Skin-Melanoma::MSI-H.S.1	T[C>G]A	7.874523824735275e-15	0.0	0.8854161696649715	1.2461814369063613e-13	0.019869407551332985	0.09471442278356282	0.0	0.0	0.0	0.0	0.0	0.0
Skin-Melanoma::MSI-H.S.1	T[C>G]C	0.005739148497878219	0.0	0.6898298661363378	0.02277331130644083	0.10146078116335648	0.18019689289598673	0.0	0.0	0.0	0.0	0.0	0.0
Skin-Melanoma::MSI-H.S.1	T[C>G]G	0.010712576749074627	0.0	0.8474372756229352	0.015511906476179324	0.12447084062209587	0.001867400529714826	0.0	0.0	0.0	0.0	0.0	0.0
Skin-Melanoma::MSI-H.S.1	T[C>G]T	0.024101505579154976	0.0	0.6200212358876623	0.06870413419050139	0.024437093441554137	0.2627360309011272	0.0	0.0	0.0	0.0	0.0	0.0
Skin-Melanoma::MSI-H.S.1	T[C>T]A	0.00028672459164931523	0.0	0.016835072025615405	0.9729172365432217	0.003782467338541662	0.0061784995009719216	0.0	0.0	0.0	0.0	0.0	0.0
Skin-Melanoma::MSI-H.S.1	T[C>T]C	6.432716479987476e-06	0.0	0.012734749055245463	0.9033801609002133	0.08061201869117655	0.0032666386368846293	0.0	0.0	0.0	0.0	0.0	0.0
Skin-Melanoma::MSI-H.S.1	T[C>T]G	0.07529409723971703	0.0	0.034941564497225935	0.8026818256797539	0.08703860078988442	4.391179341870291e-05	0.0	0.0	0.0	0.0	0.0	0.0
Skin-Melanoma::MSI-H.S.1	T[C>T]T	1.1206505039816097e-16	0.0	0.0338814196500507	0.8509539955968907	0.11355264702101721	0.0016119377320412405	0.0	0.0	0.0	0.0	0.0	0.0
Skin-Melanoma::MSI-H.S.1	T[T>A]A	0.11001631762745868	0.0	0.33166081794713714	0.09223479903709322	0.11750723430790537	0.3485808310804056	0.0	0.0	0.0	0.0	0.0	0.0
Skin-Melanoma::MSI-H.S.1	T[T>A]C	3.110410231295789e-15	0.0	0.18539163160677244	0.08586563509831908	0.06921378349127721	0.6595289498036282	0.0	0.0	0.0	0.0	0.0	0.0
Skin-Melanoma::MSI-H.S.1	T[T>A]G	0.0007769122057199877	0.0	0.42670369473192377	9.792098030503122e-14	0.1044947803818402	0.46802461268041823	0.0	0.0	0.0	0.0	0.0	0.0
Skin-Melanoma::MSI-H.S.1	T[T>A]T	0.005248243500641797	0.0	0.06552642710990914	0.029457190698628507	1.1471393987707603e-15	0.8997681386908194	0.0	0.0	0.0	0.0	0.0	0.0
Skin-Melanoma::MSI-H.S.1	T[T>C]A	0.0017333319389511125	0.0	0.39281769322430293	0.2312794231391508	0.09034925431024568	0.28382029738734943	0.0	0.0	0.0	0.0	0.0	0.0
Skin-Melanoma::MSI-H.S.1	T[T>C]C	0.04418380366376435	0.0	0.40631196247267104	0.12293247866991441	0.049950664296761364	0.3766210908968888	0.0	0.0	0.0	0.0	0.0	0.0
Skin-Melanoma::MSI-H.S.1	T[T>C]G	0.005736836293079728	0.0	0.5622893062492668	0.06961884049784865	0.11639541283980097	0.24595960412000395	0.0	0.0	0.0	0.0	0.0	0.0
Skin-Melanoma::MSI-H.S.1	T[T>C]T	0.02112595278690911	0.0	0.28978580880566274	0.06269622815388261	0.03210085654755143	0.5942911537059942	0.0	0.0	0.0	0.0	0.0	0.0
Skin-Melanoma::MSI-H.S.1	T[T>G]A	4.686417021410136e-15	0.0	0.35219529381308967	0.04256993771394398	0.04446017863151472	0.560774589841447	0.0	0.0	0.0	0.0	0.0	0.0
Skin-Melanoma::MSI-H.S.1	T[T>G]C	0.001092326257247905	0.0	0.4175241404183334	0.036392822570980574	0.0680713299310856	0.4769193808223525	0.0	0.0	0.0	0.0	0.0	0.0
Skin-Melanoma::MSI-H.S.1	T[T>G]G	0.016008670351462122	0.0	0.6118192738357189	9.690552672408731e-14	0.08212062358085695	0.290051432231865	0.0	0.0	0.0	0.0	0.0	0.0
Skin-Melanoma::MSI-H.S.1	T[T>G]T	2.8379626998253817e-15	0.0	0.5515851498629564	0.01669603425190546	0.049900724304793864	0.38181809158034147	0.0	0.0	0.0	0.0	0.0	0.0
