MutationType	SBS1	SBS5	SBS10a	SBS10b	SBS15	SBS17a	SBS17b	SBS18	SBS28	SBS37	SBS40	SBS44
A[C>A]A	0.00088616	0.01199760	0.00219017	0.00018200	0.00094420	0.00207026	0.00060796	0.05153386	0.00078390	0.00395082	0.02820375	0.00000000
A[C>A]C	0.00228041	0.00943811	0.00177014	0.00653991	0.00049711	0.00091812	0.00012899	0.01581039	0.00252969	0.00145030	0.01340178	0.00015004
A[C>A]G	0.00017703	0.00184963	0.00015001	0.00005350	0.00004610	0.00004760	0.00005820	0.00243160	0.00035296	0.00106022	0.00292039	0.00000092
A[C>A]T	0.00128023	0.00660868	0.01700132	0.00001630	0.00111024	0.00006180	0.00045597	0.02141407	0.00396952	0.00185038	0.01480197	0.00578147
A[C>G]A	0.00186033	0.01009798	0.00000000	0.00030500	0.00011302	0.00101013	0.00014599	0.00173114	0.00015398	0.03430714	0.01220162	0.00318081
A[C>G]C	0.00122022	0.00569886	0.00002430	0.00013400	0.00026906	0.00056907	0.00004340	0.00259170	0.00022397	0.01120233	0.00868115	0.00023306
A[C>G]G	0.00011502	0.00171966	0.00000000	0.00000000	0.00003070	0.00015202	0.00000000	0.00192126	0.00000000	0.00535111	0.00225030	0.00003140
A[C>G]T	0.00114020	0.01009798	0.00000000	0.00000000	0.00032507	0.00001960	0.00031898	0.00408268	0.00008330	0.01880391	0.01460194	0.00329083
A[C>T]A	0.02500444	0.03259348	0.00104008	0.00054899	0.00505108	0.00122015	0.00057096	0.00920605	0.00077691	0.00624130	0.01970262	0.08992278
A[C>T]C	0.00632112	0.01789642	0.00083407	0.00524993	0.00691148	0.00171022	0.00007030	0.00465306	0.00337959	0.00306064	0.01210161	0.01690428
A[C>T]G	0.36506483	0.00617876	0.00557043	0.00041399	0.07451597	0.00003950	0.00028698	0.01220802	0.00704915	0.00633132	0.00026704	0.01430362
A[C>T]T	0.00958170	0.02199560	0.00299023	0.00792989	0.00178038	0.00073709	0.00014699	0.00797524	0.00505939	0.00565117	0.01690225	0.03030768
A[T>A]A	0.00080014	0.00737852	0.00005070	0.00181997	0.00204044	0.00101013	0.00006260	0.00249164	0.00017198	0.00225047	0.00610081	0.00478121
A[T>A]C	0.00223040	0.00692861	0.00019401	0.00033699	0.00084118	0.00099713	0.00028898	0.00087858	0.00047794	0.00166034	0.00444059	0.00260066
A[T>A]G	0.00114020	0.00911818	0.00000000	0.00002340	0.00054012	0.00020002	0.00006570	0.00260171	0.00015198	0.00249052	0.00693092	0.00000108
A[T>A]T	0.00018303	0.00619876	0.00666052	0.00284996	0.00954204	0.00146018	0.00063296	0.00784515	0.00169979	0.00277058	0.01070142	0.03080781
A[T>C]A	0.00109019	0.04619076	0.00074506	0.00934987	0.00389083	0.00009650	0.00009730	0.00202133	0.00054893	0.07331525	0.01870249	0.01930489
A[T>C]C	0.00304054	0.01339732	0.00362028	0.00050999	0.00196042	0.01270160	0.00025198	0.00209137	0.00044095	0.03840799	0.00734098	0.00324082
A[T>C]G	0.00010602	0.03819236	0.00214017	0.00053099	0.00024005	0.00037605	0.00000000	0.00208137	0.00040495	0.01680350	0.01550206	0.02720689
A[T>C]T	0.00574102	0.03829234	0.00336026	0.00015000	0.00092920	0.00779099	0.00054396	0.00424279	0.00059493	0.04800999	0.01940258	0.00026707
A[T>G]A	0.00017203	0.00385923	0.00192015	0.00003470	0.00046810	0.00085111	0.00140990	0.00072147	0.00986881	0.02170452	0.00723096	0.00000002
A[T>G]C	0.00020704	0.00259948	0.00124010	0.00005330	0.00041509	0.00070009	0.00447969	0.00085856	0.01729791	0.01060220	0.00705094	0.00003260
A[T>G]G	0.00026805	0.00793841	0.00032002	0.00052299	0.00018504	0.00071909	0.00098993	0.00199131	0.00767907	0.01680350	0.00806107	0.00000747
A[T>G]T	0.00011202	0.00482903	0.00922072	0.00000000	0.00363078	0.01250158	0.06909525	0.00184121	0.11498608	0.02470514	0.01800239	0.00142036
C[C>A]A	0.00031205	0.00742851	0.00318025	0.00052099	0.04180896	0.00029504	0.00027098	0.07404865	0.00202975	0.00322067	0.02080277	0.00002840
C[C>A]C	0.00179032	0.00613877	0.00020202	0.00317995	0.00505108	0.00116015	0.00004110	0.01961289	0.00010899	0.00081417	0.01470196	0.03030768
C[C>A]G	0.00009320	0.00345931	0.00004640	0.00008380	0.00006620	0.00000000	0.00000000	0.01200789	0.00000000	0.00074715	0.00254034	0.00374095
C[C>A]T	0.00000000	0.00648870	0.01730134	0.00832988	0.02870615	0.00013702	0.00018199	0.03632387	0.00020297	0.00177037	0.01470196	0.08672197
C[C>G]A	0.00002410	0.00695861	0.00004570	0.00002990	0.00008360	0.00055307	0.00019399	0.00061340	0.00001440	0.00044209	0.00756101	0.00005360
C[C>G]C	0.00007680	0.00906819	0.00000000	0.00000000	0.00001700	0.00023503	0.00004660	0.00226149	0.00007550	0.00031307	0.00935124	0.00002490
C[C>G]G	0.00035206	0.00248950	0.00002010	0.00000000	0.00005020	0.00023203	0.00000000	0.00358235	0.00000000	0.00032107	0.00168022	0.00000000
C[C>G]T	0.00000000	0.00952809	0.00003010	0.00000000	0.00008450	0.00003900	0.00019299	0.00379249	0.00000000	0.00058112	0.01390185	0.00008640
C[C>T]A	0.00200036	0.01939612	0.00003680	0.00015100	0.01080231	0.00082110	0.00045697	0.01170769	0.00029196	0.00361075	0.01960261	0.00357090
C[C>T]C	0.00027005	0.01899620	0.00000000	0.00008440	0.01110238	0.00172022	0.00005890	0.00676444	0.00020997	0.00210044	0.01730230	0.00286073
C[C>T]G	0.19603481	0.01749650	0.00000000	0.00369995	0.02480532	0.00190024	0.00054296	0.01681105	0.00254969	0.00327068	0.00236031	0.01550393
C[C>T]T	0.00019604	0.02309538	0.00010301	0.00059499	0.01560334	0.00174022	0.00013599	0.00665437	0.00331960	0.00606126	0.02160287	0.00504128
C[T>A]A	0.00004300	0.00353929	0.00000000	0.00007090	0.00034807	0.00043405	0.00009360	0.00054236	0.00013998	0.00157033	0.00109014	0.00001240
C[T>A]C	0.00039307	0.00518896	0.00000000	0.00010600	0.00024405	0.04050512	0.00223985	0.00306201	0.00134984	0.00116024	0.00762101	0.00325082
C[T>A]G	0.00032406	0.00500900	0.00000000	0.00000000	0.00008200	0.01240157	0.00071695	0.00321211	0.00080590	0.00160033	0.00346046	0.00058215
C[T>A]T	0.00026005	0.00429914	0.00037603	0.00023400	0.00105022	0.07230914	0.00778946	0.00226149	0.00102987	0.00206043	0.00928123	0.00001380
C[T>C]A	0.00000000	0.01329734	0.00012201	0.00131998	0.00075016	0.01110140	0.00064696	0.00038625	0.00131984	0.05001040	0.01090145	0.01460370
C[T>C]C	0.00250044	0.01039792	0.00004120	0.00012400	0.00215046	0.17302186	0.00645956	0.00246162	0.00261968	0.02180453	0.00987131	0.00320081
C[T>C]G	0.00036006	0.02079584	0.00105008	0.00002530	0.00139030	0.08731103	0.00391973	0.00162107	0.00248970	0.00995207	0.01050140	0.03380857
C[T>C]T	0.00004260	0.01489702	0.00000244	0.00081499	0.00175037	0.42605383	0.01829874	0.00256168	0.00036696	0.05041048	0.01360181	0.00771195
C[T>G]A	0.00003550	0.00258948	0.00015501	0.00022700	0.00020604	0.00031004	0.00204986	0.00011107	0.01459823	0.00260054	0.00335045	0.00023406
C[T>G]C	0.00021204	0.00460908	0.00000000	0.00114998	0.00015703	0.00104013	0.03139784	0.00199131	0.02209733	0.00238049	0.00567075	0.00253064
C[T>G]G	0.00012802	0.00612877	0.00005350	0.00047899	0.00027206	0.00000194	0.01369906	0.00293193	0.01549812	0.00377078	0.00559074	0.00347088
C[T>G]T	0.00017103	0.00729854	0.00130010	0.00522993	0.00249053	0.00531067	0.54996223	0.00414272	0.10098778	0.00411086	0.01310174	0.00038410
G[C>A]A	0.00158028	0.01019796	0.00121009	0.00073099	0.00229049	0.00178023	0.00099793	0.10907166	0.00015598	0.00204042	0.01420189	0.00000000
G[C>A]C	0.00033906	0.00764847	0.00044103	0.00254996	0.00249053	0.00128016	0.00000278	0.01731137	0.00101988	0.00062913	0.01020136	0.00467118
G[C>A]G	0.00058710	0.00233953	0.00001050	0.00008520	0.00040409	0.00010601	0.00009240	0.00756497	0.00003950	0.00050610	0.00255034	0.00060515
G[C>A]T	0.00000000	0.00681864	0.01110086	0.00279996	0.01820390	0.00004700	0.00053396	0.06234096	0.00015798	0.00129027	0.01080144	0.01130286
G[C>G]A	0.00000959	0.00467906	0.00001500	0.00001720	0.00099421	0.00087811	0.00005990	0.00063542	0.00018298	0.00132028	0.00506067	0.00021906
G[C>G]C	0.00016403	0.00507898	0.00008310	0.00013600	0.00060813	0.00083511	0.00005550	0.00134088	0.00000000	0.00093819	0.00537071	0.00119030
G[C>G]G	0.00016603	0.00150970	0.00000000	0.00000000	0.00001010	0.00002370	0.00000000	0.00063942	0.00000000	0.00057712	0.00119016	0.00000000
G[C>G]T	0.00000000	0.00671866	0.00003540	0.00011300	0.00045110	0.00078710	0.00000000	0.00123081	0.00000000	0.00127026	0.00698093	0.00185047
G[C>T]A	0.00444079	0.01939612	0.00004220	0.00036300	0.07371579	0.00164021	0.00006110	0.00968636	0.00324961	0.00255053	0.01430190	0.09552420
G[C>T]C	0.00009280	0.02159568	0.01250097	0.01509979	0.12902764	0.00000000	0.00015699	0.00817537	0.00018798	0.00231048	0.01160154	0.08142063
G[C>T]G	0.21803872	0.01229754	0.01490116	0.01259982	0.27705936	0.00161020	0.00085494	0.01480973	0.00021497	0.00432090	0.00000000	0.04961257
G[C>T]T	0.00003840	0.01859628	0.01350105	0.03189955	0.07721654	0.00006600	0.00000000	0.00669440	0.00010199	0.00232048	0.01270169	0.06661688
G[T>A]A	0.00008120	0.00366927	0.00000331	0.00000000	0.00051111	0.00006460	0.00009730	0.00160105	0.00011599	0.00115024	0.00265035	0.00116029
G[T>A]C	0.00012902	0.00290942	0.00000000	0.00012300	0.00058913	0.00340043	0.00034698	0.00195128	0.00011799	0.00077416	0.00343046	0.00236060
G[T>A]G	0.00024604	0.00410918	0.00007300	0.00000000	0.00018704	0.00069509	0.00024098	0.00183120	0.00007170	0.00108022	0.00441059	0.00221056
G[T>A]T	0.00025805	0.00321936	0.00042603	0.00010800	0.00084018	0.00480061	0.00157989	0.00346227	0.00032396	0.00168035	0.00577077	0.00318081
G[T>C]A	0.00105019	0.01409718	0.00220017	0.01469979	0.01290276	0.00012302	0.00005950	0.00070847	0.00049094	0.03070639	0.00601080	0.02700684
G[T>C]C	0.00190034	0.00793841	0.00628049	0.00532993	0.01160249	0.01490188	0.00149990	0.00226149	0.00058693	0.01820379	0.00458061	0.00116029
G[T>C]G	0.00117021	0.01499700	0.00000000	0.00137998	0.00595127	0.00357045	0.00100993	0.00398262	0.00073091	0.00983204	0.00565075	0.01730438
G[T>C]T	0.00007130	0.01369726	0.00529041	0.01149984	0.00586126	0.00524066	0.00146990	0.00315207	0.00085090	0.04000832	0.00731097	0.01110281
G[T>G]A	0.00000000	0.00251950	0.00020402	0.00048099	0.00020304	0.00049506	0.00028098	0.00087057	0.00115986	0.01180245	0.00249033	0.00000000
G[T>G]C	0.00000000	0.00170966	0.00083307	0.00094199	0.00058012	0.00020403	0.00624957	0.00003700	0.00192977	0.00686143	0.00224030	0.00001830
G[T>G]G	0.00034806	0.00529894	0.00000000	0.00172998	0.00034707	0.00083511	0.00147990	0.00583383	0.00312962	0.00983204	0.00445059	0.00010303
G[T>G]T	0.00001460	0.00234953	0.00221017	0.00515993	0.00139030	0.00724091	0.11399217	0.00214141	0.02059751	0.01710356	0.00548073	0.00280071
T[C>A]A	0.00006580	0.00785843	0.09400730	0.00044599	0.01720368	0.00019002	0.00001240	0.07384852	0.01429827	0.00200042	0.02600346	0.00085322
T[C>A]C	0.00253045	0.00916817	0.00997077	0.00379995	0.00581124	0.00002590	0.00000000	0.04362866	0.00045194	0.00159033	0.02100279	0.00222056
T[C>A]G	0.00000000	0.00229954	0.00116009	0.00057299	0.00007690	0.00000000	0.00009510	0.01270835	0.00012898	0.00112023	0.00317042	0.00000032
T[C>A]T	0.00000588	0.01269746	0.67005207	0.08159886	0.00805172	0.00028804	0.00256982	0.12208021	0.00055693	0.00244051	0.02410321	0.01660421
T[C>G]A	0.00000000	0.00780844	0.00005550	0.00000000	0.00021405	0.00375047	0.00015999	0.00214141	0.00011499	0.00179037	0.01250166	0.00067317
T[C>G]C	0.00020304	0.00759848	0.00000000	0.00000000	0.00006120	0.00072309	0.00006180	0.00464305	0.00013598	0.00111023	0.01410188	0.00000940
T[C>G]G	0.00006940	0.00170966	0.00000000	0.00000000	0.00005840	0.00038005	0.00001550	0.00089959	0.00002460	0.00086018	0.00174023	0.00000000
T[C>G]T	0.00156028	0.01249750	0.00005450	0.00004340	0.00017404	0.00028304	0.00149990	0.00318209	0.00014298	0.00255053	0.02370315	0.00259066
T[C>T]A	0.00111020	0.02029594	0.00036603	0.00272996	0.02650568	0.00053207	0.00010799	0.01140750	0.00483941	0.00402084	0.03000399	0.00140036
T[C>T]C	0.00003730	0.02299540	0.00276021	0.04849932	0.00956205	0.00009060	0.00060396	0.01140750	0.00412950	0.00250052	0.02310307	0.00225057
T[C>T]G	0.11001954	0.01589682	0.00279022	0.43699388	0.02120454	0.00017702	0.00006240	0.01180776	0.00173979	0.00343071	0.00212028	0.00000000
T[C>T]T	0.00000000	0.02099580	0.02280177	0.12799821	0.00174037	0.00034804	0.00089494	0.00375246	0.00198976	0.00584122	0.02240298	0.00302076
T[T>A]A	0.00672119	0.00630874	0.00204016	0.00305996	0.00109023	0.00011901	0.00118992	0.01080710	0.00018798	0.00245051	0.00713095	0.00696176
T[T>A]C	0.00000000	0.00413917	0.00036003	0.00066499	0.00015703	0.00570072	0.00024198	0.00273179	0.00124985	0.00113024	0.01030137	0.00002070
T[T>A]G	0.00002800	0.00478904	0.00069305	0.00007060	0.00014903	0.00183023	0.00000000	0.00179118	0.00032096	0.00128027	0.00502067	0.00000502
T[T>A]T	0.00225040	0.00874825	0.00529041	0.00151998	0.00047510	0.00198025	0.00130991	0.00710467	0.00571931	0.00195041	0.02100279	0.01390352
T[T>C]A	0.00025505	0.01799640	0.00073006	0.00885988	0.00342073	0.00209026	0.00105993	0.00180118	0.00130984	0.04770992	0.01020136	0.01990504
T[T>C]C	0.00339060	0.00970806	0.00517040	0.00008100	0.00592127	0.01530193	0.00109993	0.00618406	0.00204975	0.04510938	0.00755100	0.01050266
T[T>C]G	0.00041607	0.01269746	0.00036303	0.00066799	0.00132028	0.00235030	0.00120992	0.00326214	0.00140983	0.01000208	0.00601080	0.01910484
T[T>C]T	0.00433077	0.01849630	0.00325025	0.00002510	0.00135029	0.02100265	0.00099993	0.00337222	0.00205975	0.06141277	0.01020136	0.03710940
T[T>G]A	0.00000000	0.00521896	0.00269021	0.01129984	0.00023105	0.00000000	0.00001220	0.00069646	0.04229488	0.01830381	0.00846113	0.00000000
T[T>G]C	0.00005510	0.00655869	0.00000000	0.00554992	0.00029406	0.00011602	0.00874940	0.00210138	0.03569568	0.01950406	0.01140152	0.00000000
T[T>G]G	0.00058310	0.00693861	0.00002160	0.00275996	0.00014803	0.00092012	0.00477967	0.00145095	0.01399831	0.03020628	0.00866115	0.00091723
T[T>G]T	0.00000000	0.01349730	0.01890147	0.09089873	0.00599128	0.00458058	0.12199162	0.00516339	0.47894203	0.02910605	0.02500333	0.00900228
