Sample Names	MutationType	SBS1	SBS4	SBS5	SBS6	SBS9	SBS12	SBS14	SBS16	SBS17a	SBS17b	SBS18	SBS19	SBS22	SBS24	SBS26	SBS29	SBS30	SBS31	SBS35	SBS40
Liver-HCC::MSI-H.S.1	A[C>A]A	0.0037439813493784974	0.0	0.9191043148239132	0.027132518732669045	0.0	0.0	0.021117072843728824	0.0	0.0	0.0	0.0	0.0	0.0	0.0	0.02890211225031035	0.0	0.0	0.0	0.0	0.0
Liver-HCC::MSI-H.S.1	A[C>A]C	0.009348642233597496	0.0	0.7015672240509137	0.032459827432816966	0.0	0.0	0.2396628553465913	0.0	0.0	0.0	0.0	0.0	0.0	0.0	0.01696145093608065	0.0	0.0	0.0	0.0	0.0
Liver-HCC::MSI-H.S.1	A[C>A]G	0.004754207999376447	0.0	0.9006586920183486	0.02110131314248769	0.0	0.0	0.049496068534131334	0.0	0.0	0.0	0.0	0.0	0.0	0.0	0.023989718305655945	0.0	0.0	0.0	0.0	0.0
Liver-HCC::MSI-H.S.1	A[C>A]T	0.002574384297725214	0.0	0.2409619515041205	0.00546936793254904	0.0	0.0	0.7412405951757302	0.0	0.0	0.0	0.0	0.0	0.0	0.0	0.009753701089875187	0.0	0.0	0.0	0.0	0.0
Liver-HCC::MSI-H.S.1	A[C>G]A	0.009519617932525143	0.0	0.936939507748949	0.036419057978615735	0.0	0.0	5.069618620666819e-15	0.0	0.0	0.0	0.0	0.0	0.0	0.0	0.017121816339905085	0.0	0.0	0.0	0.0	0.0
Liver-HCC::MSI-H.S.1	A[C>G]C	0.010903834751243352	0.0	0.9233745284545096	0.03902280645419356	0.0	0.0	0.00023049579638853001	0.0	0.0	0.0	0.0	0.0	0.0	0.0	0.026468334543665095	0.0	0.0	0.0	0.0	0.0
Liver-HCC::MSI-H.S.1	A[C>G]G	0.0035937543529931683	0.0	0.974232467290579	1.04810489406917e-13	0.0	0.0	0.005451839297171936	0.0	0.0	0.0	0.0	0.0	0.0	0.0	0.01672193905915092	0.0	0.0	0.0	0.0	0.0
Liver-HCC::MSI-H.S.1	A[C>G]T	0.005856484507575428	0.0	0.9404530632225998	0.01971365222587143	0.0	0.0	0.004676038254662907	0.0	0.0	0.0	0.0	0.0	0.0	0.0	0.029300761789290485	0.0	0.0	0.0	0.0	0.0
Liver-HCC::MSI-H.S.1	A[C>T]A	0.015056072527058754	0.0	0.35585485361955393	0.5832180355336105	0.0	0.0	0.03332031628925237	0.0	0.0	0.0	0.0	0.0	0.0	0.0	0.01255072203052455	0.0	0.0	0.0	0.0	0.0
Liver-HCC::MSI-H.S.1	A[C>T]C	0.00852102419064954	0.0	0.43743281056295624	0.46645680046171734	0.0	0.0	0.06075917025181242	0.0	0.0	0.0	0.0	0.0	0.0	0.0	0.026830194532864397	0.0	0.0	0.0	0.0	0.0
Liver-HCC::MSI-H.S.1	A[C>T]G	0.14898278701123702	0.0	0.04572095667773877	0.739989747488223	0.0	0.0	0.04826194767155316	0.0	0.0	0.0	0.0	0.0	0.0	0.0	0.01704456115124801	0.0	0.0	0.0	0.0	0.0
Liver-HCC::MSI-H.S.1	A[C>T]T	0.011628674159353805	0.0	0.4840285484147482	0.390611947404801	0.0	0.0	0.08719795687126175	0.0	0.0	0.0	0.0	0.0	0.0	0.0	0.026532873149835212	0.0	0.0	0.0	0.0	0.0
Liver-HCC::MSI-H.S.1	A[T>A]A	0.0053088602412992205	0.0	0.8876694458179912	0.009845188142626379	0.0	0.0	0.018150455170492324	0.0	0.0	0.0	0.0	0.0	0.0	0.0	0.07902605062759102	0.0	0.0	0.0	0.0	0.0
Liver-HCC::MSI-H.S.1	A[T>A]C	0.013488645367341847	0.0	0.7597668007199315	0.04989503631799093	0.0	0.0	0.010039732790866361	0.0	0.0	0.0	0.0	0.0	0.0	0.0	0.16680978480386918	0.0	0.0	0.0	0.0	0.0
Liver-HCC::MSI-H.S.1	A[T>A]G	0.006592711339065364	0.0	0.9559554462111985	1.939605515786249e-14	0.0	0.0	0.009134361852532125	0.0	0.0	0.0	0.0	0.0	0.0	0.0	0.02831748059718468	0.0	0.0	0.0	0.0	0.0
Liver-HCC::MSI-H.S.1	A[T>A]T	0.0010768191391481389	0.0	0.6612519563375486	0.14757099007718433	0.0	0.0	0.048571234894441484	0.0	0.0	0.0	0.0	0.0	0.0	0.0	0.14152899955167725	0.0	0.0	0.0	0.0	0.0
Liver-HCC::MSI-H.S.1	A[T>C]A	0.0006844776128551504	0.0	0.5258457037856753	0.020966515076644817	0.0	0.0	0.035303603436816496	0.0	0.0	0.0	0.0	0.0	0.0	0.0	0.41719970008800844	0.0	0.0	0.0	0.0	0.0
Liver-HCC::MSI-H.S.1	A[T>C]C	0.00613420149579026	0.0	0.4900866319464803	0.0344480088579617	0.0	0.0	0.0567205905667634	0.0	0.0	0.0	0.0	0.0	0.0	0.0	0.4126105671330042	0.0	0.0	0.0	0.0	0.0
Liver-HCC::MSI-H.S.1	A[T>C]G	7.428753642772097e-05	0.0	0.485240518394262	0.04489284969380441	0.0	0.0	0.03877461700149097	0.0	0.0	0.0	0.0	0.0	0.0	0.0	0.4310177273740149	0.0	0.0	0.0	0.0	0.0
Liver-HCC::MSI-H.S.1	A[T>C]T	0.005596702081424618	0.0	0.6768659624284629	0.007394779711751715	0.0	0.0	0.025972297502115632	0.0	0.0	0.0	0.0	0.0	0.0	0.0	0.2841702582762452	0.0	0.0	0.0	0.0	0.0
Liver-HCC::MSI-H.S.1	A[T>G]A	0.001823066312528293	0.0	0.7415576644491717	0.004115365089896221	0.0	0.0	0.010025951991099106	0.0	0.0	0.0	0.0	0.0	0.0	0.0	0.2424779521573046	0.0	0.0	0.0	0.0	0.0
Liver-HCC::MSI-H.S.1	A[T>G]C	0.0024794045352313013	0.0	0.5644610742195254	0.03691547321465257	0.0	0.0	0.15872642536653225	0.0	0.0	0.0	0.0	0.0	0.0	0.0	0.2374176226640585	0.0	0.0	0.0	0.0	0.0
Liver-HCC::MSI-H.S.1	A[T>G]G	0.0016057180984490372	0.0	0.862260744971799	0.009685443518044646	0.0	0.0	0.01895380831651864	0.0	0.0	0.0	0.0	0.0	0.0	0.0	0.10749428509518884	0.0	0.0	0.0	0.0	0.0
Liver-HCC::MSI-H.S.1	A[T>G]T	0.0005911097067910969	0.0	0.4620413065999207	0.030777872755177012	0.0	0.0	0.2613898910997977	0.0	0.0	0.0	0.0	0.0	0.0	0.0	0.24519981983831346	0.0	0.0	0.0	0.0	0.0
Liver-HCC::MSI-H.S.1	C[C>A]A	0.0012669859719926409	0.0	0.5468769643305136	0.11165799551189597	0.0	0.0	0.29533883500097013	0.0	0.0	0.0	0.0	0.0	0.0	0.0	0.04485921918462762	0.0	0.0	0.0	0.0	0.0
Liver-HCC::MSI-H.S.1	C[C>A]C	0.0065186046915277655	0.0	0.40527852251206425	0.22502260530294635	0.0	0.0	0.32009845698908296	0.0	0.0	0.0	0.0	0.0	0.0	0.0	0.043081810504378815	0.0	0.0	0.0	0.0	0.0
Liver-HCC::MSI-H.S.1	C[C>A]G	0.0009635280165177555	0.0	0.6483479436623174	0.2577113854770112	0.0	0.0	0.06365657409659471	0.0	0.0	0.0	0.0	0.0	0.0	0.0	0.029320568747558805	0.0	0.0	0.0	0.0	0.0
Liver-HCC::MSI-H.S.1	C[C>A]T	1.5080920590115974e-16	0.0	0.07955203451292966	0.0980833859689155	0.0	0.0	0.7845345581301089	0.0	0.0	0.0	0.0	0.0	0.0	0.0	0.03783002138804584	0.0	0.0	0.0	0.0	0.0
Liver-HCC::MSI-H.S.1	C[C>G]A	0.00018534194712442189	0.0	0.9701737559637639	0.004775289737562252	0.0	0.0	0.002933854244074318	0.0	0.0	0.0	0.0	0.0	0.0	0.0	0.02193175810747519	0.0	0.0	0.0	0.0	0.0
Liver-HCC::MSI-H.S.1	C[C>G]C	0.00045739303317015835	0.0	0.9790823385527	0.0033471293182399152	0.0	0.0	0.0020886545284955573	0.0	0.0	0.0	0.0	0.0	0.0	0.0	0.015024484567394141	0.0	0.0	0.0	0.0	0.0
Liver-HCC::MSI-H.S.1	C[C>G]G	0.007462474318958865	0.0	0.9568043416855238	0.02700032473290032	0.0	0.0	0.0018067135178247283	0.0	0.0	0.0	0.0	0.0	0.0	0.0	0.006926145744792427	0.0	0.0	0.0	0.0	0.0
Liver-HCC::MSI-H.S.1	C[C>G]T	1.248307754787086e-15	0.0	0.9669261601287708	0.0012178127713339136	0.0	0.0	0.00444582689046546	0.0	0.0	0.0	0.0	0.0	0.0	0.0	0.027410200209428717	0.0	0.0	0.0	0.0	0.0
Liver-HCC::MSI-H.S.1	C[C>T]A	0.0034216289988416495	0.0	0.6015728899097931	0.35151434864725667	0.0	0.0	0.02083921282295434	0.0	0.0	0.0	0.0	0.0	0.0	0.0	0.02265191962115426	0.0	0.0	0.0	0.0	0.0
Liver-HCC::MSI-H.S.1	C[C>T]C	0.00045258419543438	0.0	0.5772618075943942	0.3747991195197863	0.0	0.0	0.010321206016212375	0.0	0.0	0.0	0.0	0.0	0.0	0.0	0.037165282674172864	0.0	0.0	0.0	0.0	0.0
Liver-HCC::MSI-H.S.1	C[C>T]G	0.08051701088635224	0.0	0.1303026431232274	0.7571686600845451	0.0	0.0	0.021262058183012997	0.0	0.0	0.0	0.0	0.0	0.0	0.0	0.010749627722862276	0.0	0.0	0.0	0.0	0.0
Liver-HCC::MSI-H.S.1	C[C>T]T	0.0003032310966484486	0.0	0.6477586919194077	0.3225506922796999	0.0	0.0	0.009387983425915816	0.0	0.0	0.0	0.0	0.0	0.0	0.0	0.01999940127832813	0.0	0.0	0.0	0.0	0.0
Liver-HCC::MSI-H.S.1	C[T>A]A	0.0005866308387641201	0.0	0.8753531529786407	0.013726881675298463	0.0	0.0	0.009435042765499104	0.0	0.0	0.0	0.0	0.0	0.0	0.0	0.10089829174179757	0.0	0.0	0.0	0.0	0.0
Liver-HCC::MSI-H.S.1	C[T>A]C	0.0030869537953394015	0.0	0.7389048901162921	0.0653868482728549	0.0	0.0	0.103389238202415	0.0	0.0	0.0	0.0	0.0	0.0	0.0	0.08923206961309862	0.0	0.0	0.0	0.0	0.0
Liver-HCC::MSI-H.S.1	C[T>A]G	0.0031390896051321296	0.0	0.8797920486277414	0.01683285450699343	0.0	0.0	0.01370356945823927	0.0	0.0	0.0	0.0	0.0	0.0	0.0	0.08653243780189379	0.0	0.0	0.0	0.0	0.0
Liver-HCC::MSI-H.S.1	C[T>A]T	0.0028233262453353	0.0	0.846330080701405	0.029365809358581962	0.0	0.0	0.06686248975431447	0.0	0.0	0.0	0.0	0.0	0.0	0.0	0.054618293940363126	0.0	0.0	0.0	0.0	0.0
Liver-HCC::MSI-H.S.1	C[T>C]A	3.242967168495899e-16	0.0	0.3505685352054057	0.03647094392302222	0.0	0.0	0.02050409059780682	0.0	0.0	0.0	0.0	0.0	0.0	0.0	0.592456430273765	0.0	0.0	0.0	0.0	0.0
Liver-HCC::MSI-H.S.1	C[T>C]C	0.005265058980285492	0.0	0.39699055592521426	0.03277190470715496	0.0	0.0	0.05017879519351831	0.0	0.0	0.0	0.0	0.0	0.0	0.0	0.5147936851938268	0.0	0.0	0.0	0.0	0.0
Liver-HCC::MSI-H.S.1	C[T>C]G	0.0003289883044902333	0.0	0.344528296996166	0.07344983378684652	0.0	0.0	0.01822641363599467	0.0	0.0	0.0	0.0	0.0	0.0	0.0	0.5634664672765026	0.0	0.0	0.0	0.0	0.0
Liver-HCC::MSI-H.S.1	C[T>C]T	5.8093093087988145e-05	0.0	0.36828563030608674	0.026164946381080734	0.0	0.0	0.012534235851873013	0.0	0.0	0.0	0.0	0.0	0.0	0.0	0.5929570943678715	0.0	0.0	0.0	0.0	0.0
Liver-HCC::MSI-H.S.1	C[T>G]A	0.0006009901742170767	0.0	0.7947350862247847	0.012660342192266643	0.0	0.0	0.0036635025468949754	0.0	0.0	0.0	0.0	0.0	0.0	0.0	0.18834007886183657	0.0	0.0	0.0	0.0	0.0
Liver-HCC::MSI-H.S.1	C[T>G]C	0.0015173693991516995	0.0	0.5980534361553262	0.08477596652970834	0.0	0.0	0.03864173086583677	0.0	0.0	0.0	0.0	0.0	0.0	0.0	0.27701149704997696	0.0	0.0	0.0	0.0	0.0
Liver-HCC::MSI-H.S.1	C[T>G]G	0.000749869242397988	0.0	0.6509080601346973	0.08178031305153508	0.0	0.0	0.011370526332743517	0.0	0.0	0.0	0.0	0.0	0.0	0.0	0.2551912312386261	0.0	0.0	0.0	0.0	0.0
Liver-HCC::MSI-H.S.1	C[T>G]T	0.0007861081288469382	0.0	0.6082647387673535	0.09028815028567125	0.0	0.0	0.01973226727738596	0.0	0.0	0.0	0.0	0.0	0.0	0.0	0.2809287355407424	0.0	0.0	0.0	0.0	0.0
Liver-HCC::MSI-H.S.1	G[C>A]A	0.007667110632923284	0.0	0.897136278188698	0.03130428182571183	0.0	0.0	0.0450353682826915	0.0	0.0	0.0	0.0	0.0	0.0	0.0	0.01885696106997545	0.0	0.0	0.0	0.0	0.0
Liver-HCC::MSI-H.S.1	G[C>A]C	0.001314188308848602	0.0	0.5375302881893549	0.05347242812644899	0.0	0.0	0.3874553482705238	0.0	0.0	0.0	0.0	0.0	0.0	0.0	0.020227747104823775	0.0	0.0	0.0	0.0	0.0
Liver-HCC::MSI-H.S.1	G[C>A]G	0.010799006380498986	0.0	0.7802704468267309	0.09922363642706877	0.0	0.0	0.09111385374708192	0.0	0.0	0.0	0.0	0.0	0.0	0.0	0.018593056618619472	0.0	0.0	0.0	0.0	0.0
Liver-HCC::MSI-H.S.1	G[C>A]T	3.1373469969499153e-16	0.0	0.1739104468437027	0.02614351814151374	0.0	0.0	0.7909407982930956	0.0	0.0	0.0	0.0	0.0	0.0	0.0	0.009005236721687654	0.0	0.0	0.0	0.0	0.0
Liver-HCC::MSI-H.S.1	G[C>G]A	0.00010870128307255365	0.0	0.9614916576113862	0.003322148334441809	0.0	0.0	1.1227544324782239e-14	0.0	0.0	0.0	0.0	0.0	0.0	0.0	0.0350774927710881	0.0	0.0	0.0	0.0	0.0
Liver-HCC::MSI-H.S.1	G[C>G]C	0.0015281622882412555	0.0	0.85797166726591	0.09643116824707135	0.0	0.0	0.0018002352735201539	0.0	0.0	0.0	0.0	0.0	0.0	0.0	0.04226876692525739	0.0	0.0	0.0	0.0	0.0
Liver-HCC::MSI-H.S.1	G[C>G]G	0.005904679877547433	0.0	0.9735288378265003	1.1930055674946454e-13	0.0	0.0	3.523359713996042e-14	0.0	0.0	0.0	0.0	0.0	0.0	0.0	0.02056648229579754	0.0	0.0	0.0	0.0	0.0
Liver-HCC::MSI-H.S.1	G[C>G]T	1.7233517567635104e-15	0.0	0.9412867499312094	0.037477906836901435	0.0	0.0	0.0027688558985601414	0.0	0.0	0.0	0.0	0.0	0.0	0.0	0.018466487333327296	0.0	0.0	0.0	0.0	0.0
Liver-HCC::MSI-H.S.1	G[C>T]A	0.002376870539242886	0.0	0.1882382565001535	0.757006542679458	0.0	0.0	0.04084457755207539	0.0	0.0	0.0	0.0	0.0	0.0	0.0	0.011533752729070156	0.0	0.0	0.0	0.0	0.0
Liver-HCC::MSI-H.S.1	G[C>T]C	4.320960123586192e-05	0.0	0.18229285111303992	0.7808299943107472	0.0	0.0	0.01695267286543665	0.0	0.0	0.0	0.0	0.0	0.0	0.0	0.019881272109540358	0.0	0.0	0.0	0.0	0.0
Liver-HCC::MSI-H.S.1	G[C>T]G	0.06849854419105346	0.0	0.07005087484843822	0.8449793136411118	0.0	0.0	2.691793977887085e-05	0.0	0.0	0.0	0.0	0.0	0.0	0.0	0.0164443493796178	0.0	0.0	0.0	0.0	0.0
Liver-HCC::MSI-H.S.1	G[C>T]T	2.4821374258747764e-05	0.0	0.21791701780431294	0.7265554433537043	0.0	0.0	0.030283051719231763	0.0	0.0	0.0	0.0	0.0	0.0	0.0	0.025219665748492284	0.0	0.0	0.0	0.0	0.0
Liver-HCC::MSI-H.S.1	G[T>A]A	0.001100819556182708	0.0	0.9017990540426646	0.010445554751964747	0.0	0.0	0.003490210821909788	0.0	0.0	0.0	0.0	0.0	0.0	0.0	0.08316436082727809	0.0	0.0	0.0	0.0	0.0
Liver-HCC::MSI-H.S.1	G[T>A]C	0.0015837592196696058	0.0	0.6475540723646884	0.09070046877011567	0.0	0.0	0.14954704414292044	0.0	0.0	0.0	0.0	0.0	0.0	0.0	0.11061465550260598	0.0	0.0	0.0	0.0	0.0
Liver-HCC::MSI-H.S.1	G[T>A]G	0.002964370665555977	0.0	0.8976826385953196	0.035500399303404796	0.0	0.0	0.006452000413301169	0.0	0.0	0.0	0.0	0.0	0.0	0.0	0.05740059102241828	0.0	0.0	0.0	0.0	0.0
Liver-HCC::MSI-H.S.1	G[T>A]T	0.003547570256732932	0.0	0.8025105952508117	0.05151861826133048	0.0	0.0	0.05257845999679098	0.0	0.0	0.0	0.0	0.0	0.0	0.0	0.08984475623433393	0.0	0.0	0.0	0.0	0.0
Liver-HCC::MSI-H.S.1	G[T>C]A	0.0010513560407422193	0.0	0.2558958437157346	0.03887718984587713	0.0	0.0	0.04914382333178393	0.0	0.0	0.0	0.0	0.0	0.0	0.0	0.6550317870658621	0.0	0.0	0.0	0.0	0.0
Liver-HCC::MSI-H.S.1	G[T>C]C	0.004921489353572888	0.0	0.372775237502122	0.04343773330181672	0.0	0.0	0.0755851428053826	0.0	0.0	0.0	0.0	0.0	0.0	0.0	0.5032803970371058	0.0	0.0	0.0	0.0	0.0
Liver-HCC::MSI-H.S.1	G[T>C]G	0.001275948773174309	0.0	0.29649832217925326	0.04036590446469469	0.0	0.0	0.05352489237285932	0.0	0.0	0.0	0.0	0.0	0.0	0.0	0.6083349322100186	0.0	0.0	0.0	0.0	0.0
Liver-HCC::MSI-H.S.1	G[T>C]T	9.576692022475442e-05	0.0	0.33352635911744744	0.01838465208859989	0.0	0.0	0.06712120653993399	0.0	0.0	0.0	0.0	0.0	0.0	0.0	0.580872015333794	0.0	0.0	0.0	0.0	0.0
Liver-HCC::MSI-H.S.1	G[T>G]A	3.8840888836233026e-15	0.0	0.7955517614209682	0.01144655449970384	0.0	0.0	0.006053931393694153	0.0	0.0	0.0	0.0	0.0	0.0	0.0	0.18694775268563005	0.0	0.0	0.0	0.0	0.0
Liver-HCC::MSI-H.S.1	G[T>G]C	4.20264304476223e-15	0.0	0.584113650810503	0.06064548470861865	0.0	0.0	0.17658453931493812	0.0	0.0	0.0	0.0	0.0	0.0	0.0	0.17865632516593596	0.0	0.0	0.0	0.0	0.0
Liver-HCC::MSI-H.S.1	G[T>G]G	0.0028420405312142953	0.0	0.7845317009910835	0.03380670257945341	0.0	0.0	0.0284588795657609	0.0	0.0	0.0	0.0	0.0	0.0	0.0	0.15036067633248798	0.0	0.0	0.0	0.0	0.0
Liver-HCC::MSI-H.S.1	G[T>G]T	0.00013043040558785872	0.0	0.38051997137529164	0.10621893632083378	0.0	0.0	0.08968591591274329	0.0	0.0	0.0	0.0	0.0	0.0	0.0	0.4234447459855435	0.0	0.0	0.0	0.0	0.0
Liver-HCC::MSI-H.S.1	T[C>A]A	0.0004196278564113707	0.0	0.9085410762856507	0.03429964630023502	0.0	0.0	0.009873784227135762	0.0	0.0	0.0	0.0	0.0	0.0	0.0	0.04686586533056717	0.0	0.0	0.0	0.0	0.0
Liver-HCC::MSI-H.S.1	T[C>A]C	0.008735554297230589	0.0	0.5738823739070762	0.025977689155045933	0.0	0.0	0.3743621738885889	0.0	0.0	0.0	0.0	0.0	0.0	0.0	0.01704220875205839	0.0	0.0	0.0	0.0	0.0
Liver-HCC::MSI-H.S.1	T[C>A]G	4.879133254689295e-15	0.0	0.9121142829503974	0.0661102864147764	0.0	0.0	0.0006911730797252235	0.0	0.0	0.0	0.0	0.0	0.0	0.0	0.021084257555095937	0.0	0.0	0.0	0.0	0.0
Liver-HCC::MSI-H.S.1	T[C>A]T	6.3485837326354995e-06	0.0	0.24853459596585634	0.012184882747483642	0.0	0.0	0.727431684888634	0.0	0.0	0.0	0.0	0.0	0.0	0.0	0.011842487814293399	0.0	0.0	0.0	0.0	0.0
Liver-HCC::MSI-H.S.1	T[C>G]A	1.4607613319585447e-15	0.0	0.9272760419311412	0.004918492533840225	0.0	0.0	0.0005757797247929264	0.0	0.0	0.0	0.0	0.0	0.0	0.0	0.06722968581022414	0.0	0.0	0.0	0.0	0.0
Liver-HCC::MSI-H.S.1	T[C>G]C	0.0013888129640432032	0.0	0.9424209249025414	0.011679584528281661	0.0	0.0	0.004578832150530665	0.0	0.0	0.0	0.0	0.0	0.0	0.0	0.03993184545460313	0.0	0.0	0.0	0.0	0.0
Liver-HCC::MSI-H.S.1	T[C>G]G	0.002174737699893903	0.0	0.9712412680095656	0.0009231733329304542	0.0	0.0	0.0025586697994392036	0.0	0.0	0.0	0.0	0.0	0.0	0.0	0.02310215115817097	0.0	0.0	0.0	0.0	0.0
Liver-HCC::MSI-H.S.1	T[C>G]T	0.006269948310277231	0.0	0.9106111826509824	0.007772317951995077	0.0	0.0	0.0057565215546299	0.0	0.0	0.0	0.0	0.0	0.0	0.0	0.0695900295321156	0.0	0.0	0.0	0.0	0.0
Liver-HCC::MSI-H.S.1	T[C>T]A	0.0018752643095432155	0.0	0.6216116587895171	0.3062823580881303	0.0	0.0	0.026684465734655802	0.0	0.0	0.0	0.0	0.0	0.0	0.0	0.04354625307815347	0.0	0.0	0.0	0.0	0.0
Liver-HCC::MSI-H.S.1	T[C>T]C	6.258575009430034e-05	0.0	0.6994844592159648	0.2661688055222603	0.0	0.0	0.0010256588638772749	0.0	0.0	0.0	0.0	0.0	0.0	0.0	0.03325849064780362	0.0	0.0	0.0	0.0	0.0
Liver-HCC::MSI-H.S.1	T[C>T]G	0.08956642198011332	0.0	0.23465686734928484	0.639671660439359	0.0	0.0	0.019327688297267706	0.0	0.0	0.0	0.0	0.0	0.0	0.0	0.016777361933975252	0.0	0.0	0.0	0.0	0.0
Liver-HCC::MSI-H.S.1	T[C>T]T	4.420017671359867e-16	0.0	0.7544353706709263	0.2093136471707607	0.0	0.0	0.0031748947435633833	0.0	0.0	0.0	0.0	0.0	0.0	0.0	0.0330760874147492	0.0	0.0	0.0	0.0	0.0
Liver-HCC::MSI-H.S.1	T[T>A]A	0.04880365566074787	0.0	0.830607875478104	0.0498127089841652	0.0	0.0	0.0064808029593378105	0.0	0.0	0.0	0.0	0.0	0.0	0.0	0.0642949569176452	0.0	0.0	0.0	0.0	0.0
Liver-HCC::MSI-H.S.1	T[T>A]C	2.3635066353923386e-15	0.0	0.795309020152583	0.018253999777831032	0.0	0.0	0.08181139660657362	0.0	0.0	0.0	0.0	0.0	0.0	0.0	0.10462558346301007	0.0	0.0	0.0	0.0	0.0
Liver-HCC::MSI-H.S.1	T[T>A]G	0.0003074745676346669	0.0	0.9533893268390855	0.0048941177139318545	0.0	0.0	0.017491825046225658	0.0	0.0	0.0	0.0	0.0	0.0	0.0	0.02391725583312226	0.0	0.0	0.0	0.0	0.0
Liver-HCC::MSI-H.S.1	T[T>A]T	0.012118562383555584	0.0	0.8542013272624762	0.034664058627972526	0.0	0.0	0.04373767703081629	0.0	0.0	0.0	0.0	0.0	0.0	0.0	0.05527837469517939	0.0	0.0	0.0	0.0	0.0
Liver-HCC::MSI-H.S.1	T[T>C]A	0.00036004384711238674	0.0	0.4606502618445469	0.03157025975635377	0.0	0.0	0.03950012723555924	0.0	0.0	0.0	0.0	0.0	0.0	0.0	0.46791930731642767	0.0	0.0	0.0	0.0	0.0
Liver-HCC::MSI-H.S.1	T[T>C]C	0.007455312817850798	0.0	0.38705172434299345	0.03621545093926985	0.0	0.0	0.02826014598158545	0.0	0.0	0.0	0.0	0.0	0.0	0.0	0.5410173659183005	0.0	0.0	0.0	0.0	0.0
Liver-HCC::MSI-H.S.1	T[T>C]G	0.0008009175508849238	0.0	0.4431816857969333	0.06195485005258515	0.0	0.0	0.03702435409502811	0.0	0.0	0.0	0.0	0.0	0.0	0.0	0.4570381925045686	0.0	0.0	0.0	0.0	0.0
Liver-HCC::MSI-H.S.1	T[T>C]T	0.005225255844396568	0.0	0.4046457616727682	0.03172269957669005	0.0	0.0	0.01572237879442301	0.0	0.0	0.0	0.0	0.0	0.0	0.0	0.5426839041117222	0.0	0.0	0.0	0.0	0.0
Liver-HCC::MSI-H.S.1	T[T>G]A	2.0677614965809577e-15	0.0	0.8773031490536889	0.01470910021541838	0.0	0.0	0.00410414781431485	0.0	0.0	0.0	0.0	0.0	0.0	0.0	0.10388360291657572	0.0	0.0	0.0	0.0	0.0
Liver-HCC::MSI-H.S.1	T[T>G]C	0.0003876943546386973	0.0	0.8366143736426189	0.030508510281923994	0.0	0.0	0.037673404178637064	0.0	0.0	0.0	0.0	0.0	0.0	0.0	0.09481601754218132	0.0	0.0	0.0	0.0	0.0
Liver-HCC::MSI-H.S.1	T[T>G]G	0.003785078003676796	0.0	0.8166751741423814	0.03177989925574149	0.0	0.0	0.0033023786747875153	0.0	0.0	0.0	0.0	0.0	0.0	0.0	0.14445746992341282	0.0	0.0	0.0	0.0	0.0
Liver-HCC::MSI-H.S.1	T[T>G]T	6.623388418966224e-16	0.0	0.7267628744700491	0.045320841159993144	0.0	0.0	0.008017638605797697	0.0	0.0	0.0	0.0	0.0	0.0	0.0	0.21989864576415946	0.0	0.0	0.0	0.0	0.0
